1        1.32        0.00

2        1.42        0.00

3        1.32        0.00

4        1.42        0.00

5        1.32        0.00

6        1.32        0.00

7        1.32        0.00

8        1.42        0.00

9        1.32        0.00

10        1.42        0.00

11        1.32        0.00

12        1.42        0.00

13        1.32        0.00

14        1.42        0.00

15        1.32        0.00

16        1.42        0.00

17        1.32        0.00

18        1.42        0.00

19        1.32        0.00

20        1.42        0.00

21        1.32        0.00

22        1.42        -1.67E-4

23        1.32        -3.33E-4

24        1.42        -4.17E-4

25        1.32        -4.17E-4

26        1.42        -4.17E-4

27        1.32        -4.17E-4

28        1.42        -4.17E-4

29        1.32        -5.00E-4

30        1.42        -6.67E-4

31        1.32        -8.33E-4

32        1.42        -8.33E-4

33        1.32        -8.33E-4

34        1.42        -9.17E-4

35        1.32        0.00

36        1.42        0.00

37        1.32        0.00

38        1.42        0.00

39        1.32        0.00

40        1.42        0.00

41        1.32        0.00

42        1.42        0.00

43        1.32        0.00

44        1.42        0.00

45        1.32        0.00

46        1.42        0.00

47        1.32        0.00

48        1.42        0.00

49        1.32        0.00

50        1.42        0.00

51        1.32        0.00

52        1.42        0.00

53        1.32        0.00

54        1.42        0.00

55        1.32        0.00

56        1.42        0.00

57        1.32        0.00

58        1.42        0.00

59        1.32        0.00

60        1.42        0.00

61        1.32        0.00

62        1.42        0.00

63        1.32        0.00

64        1.42        0.00

65        1.32        0.00

66        1.42        0.00

67        1.32        0.00

68        1.42        0.00

69        1.32        0.00

70        1.42        0.00

71        1.32        0.00

72        1.42        0.00

73        1.32        0.00

74        1.42        0.00

75        1.32        0.00

76        1.42        0.00

77        1.32        0.00

78        1.42        0.00

79        1.32        0.00

80        1.42        0.00

81        1.32        0.00

82        1.42        0.00

83        1.32        0.00

84        1.42        0.00

85        1.32        0.00

86        1.42        0.00

87        1.32        0.00

88        1.42        0.00

89        1.32        0.00

90        1.42        0.00

91        1.32        0.00

92        1.42        0.00

93        1.32        0.00

94        1.42        0.00

95        1.32        0.00

96        1.42        0.00

97        1.32        0.00

98        1.42        0.00

99        1.32        0.00

100        1.42        0.00

101        1.32        0.00

102        1.42        0.00

103        1.32        0.00

104        1.42        0.00

105        1.32        0.00

106        1.42        0.00

107        1.32        0.00

108        1.42        0.00

109        1.32        -0.01

110        1.42        -0.01

111        1.32        -0.01

112        1.42        -0.01

113        1.32        -0.01

114        1.42        -0.01

115        1.32        -0.01

116        1.42        -0.01

117        1.32        -0.01

118        1.42        -0.01

119        1.32        -0.01

120        1.42        -0.01

121        1.32        -0.01

122        1.42        -0.01

123        1.32        -0.01

124        1.42        -0.01

125        1.32        -0.01

126        1.42        -0.01

127        1.32        -0.01

128        1.42        -0.01

129        1.32        -0.01

130        1.42        -0.01

131        1.32        -0.01

132        1.42        -0.01

133        1.32        -0.01

134        1.42        -0.01

135        1.32        -0.01

136        1.42        -0.01

137        1.32        -0.01

138        1.42        -0.01

139        1.32        -0.01

140        1.42        -0.01

141        1.32        -0.01

142        1.42        -0.01

143        1.32        -0.02

144        1.42        -0.02

145        1.32        -0.02

146        1.42        -0.02

147        1.32        -0.02

148        1.42        -0.02

149        1.32        -0.02

150        1.42        -0.02

151        1.32        -0.02

152        1.42        -0.02

153        1.32        -0.02

154        1.42        -0.02

155        1.32        -0.02

156        1.42        -0.02

157        1.32        -0.02

158        1.42        -0.02

159        1.32        -0.02

160        1.42        -0.02

161        1.32        -0.02

162        1.42        -0.02

163        1.32        -0.02

164        1.42        -0.02

165        1.32        -0.02

166        1.42        -0.02

167        1.32        -0.02

168        1.42        -0.02

169        1.32        -0.02

170        1.42        -0.03

171        1.32        -0.03

172        1.42        -0.03

173        1.32        -0.03

174        1.42        -0.03

175        1.32        -0.03

176        1.42        -0.03

177        1.32        -0.03

178        1.42        -0.03

179        1.32        -0.03

180        1.42        -0.03

181        1.32        -0.03

182        1.42        -0.03

183        1.32        -0.03

184        1.42        -0.03

185        1.32        -0.03

186        1.42        -0.03

187        1.32        -0.03

188        1.42        -0.03

189        1.32        -0.03

190        1.42        -0.03

191        1.32        -0.03

192        1.42        -0.04

193        1.32        -0.04

194        1.42        -0.04

195        1.32        -0.04

196        1.42        -0.04

197        1.32        -0.04

198        1.42        -0.04

199        1.32        -0.04

200        1.42        -0.04

201        1.32        -0.04

202        1.42        -0.04

203        1.32        -0.04

204        1.42        -0.04

205        1.32        -0.04

206        1.42        -0.04

207        1.32        -0.04

208        1.42        -0.04

209        1.32        -0.04

210        1.42        -0.04

211        1.32        -0.04

212        1.42        -0.05

213        1.32        -0.05

214        1.42        -0.05

215        1.32        -0.05

216        1.42        -0.05

217        1.22        -0.05

218        1.42        -0.05

219        1.32        -0.05

220        1.42        -0.05

221        1.32        -0.05

222        1.42        -0.05

223        1.32        -0.05

224        1.42        -0.05

225        1.32        -0.05

226        1.42        -0.05

227        1.32        -0.05

228        1.42        -0.05

229        1.32        -0.05

230        1.42        -0.05

231        1.32        -0.05

232        1.42        -0.05

233        1.32        -0.05

234        1.42        -0.05

235        1.32        -0.05

236        1.42        -0.05

237        1.32        -0.06

238        1.42        -0.06

239        1.32        -0.06

240        1.42        -0.06

241        1.32        -0.06

242        1.42        -0.06

243        1.32        -0.06

244        1.42        -0.06

245        1.32        -0.06

246        1.42        -0.06

247        1.32        -0.06

248        1.42        -0.06

249        1.32        -0.06

250        1.42        -0.06

251        1.32        -0.06

252        1.42        -0.06

253        1.32        -0.06

254        1.42        -0.06

255        1.32        -0.06

256        1.42        -0.06

257        1.22        -0.06

258        1.42        -0.06

259        1.32        -0.06

260        1.42        -0.06

261        1.32        -0.06

262        1.42        -0.06

263        1.32        -0.06

264        1.42        -0.07

265        1.32        -0.07

266        1.42        -0.07

267        1.32        -0.07

268        1.42        -0.07

269        1.32        -0.07

270        1.42        -0.07

271        1.32        -0.07

272        1.42        -0.07

273        1.32        -0.07

274        1.42        -0.07

275        1.32        -0.07

276        1.42        -0.07

277        1.32        -0.07

278        1.42        -0.07

279        1.32        -0.07

280        1.42        -0.07

281        1.32        -0.07

282        1.42        -0.07

283        1.22        -0.07

284        1.42        -0.07

285        1.32        -0.07

286        1.42        -0.07

287        1.22        -0.07

288        1.42        -0.07

289        1.32        -0.07

290        1.42        -0.07

291        1.32        -0.07

292        1.42        -0.07

293        1.32        -0.08

294        1.42        -0.08

295        1.32        -0.08

296        1.42        -0.08

297        1.32        -0.08

298        1.42        -0.08

299        1.22        -0.08

300        1.42        -0.08

301        1.32        -0.08

302        1.42        -0.08

303        1.32        -0.08

304        1.42        -0.08

305        1.32        -0.08

306        1.42        -0.08

307        1.32        -0.08

308        1.42        -0.08

309        1.32        -0.08

310        1.42        -0.08

311        1.32        -0.08

312        1.42        -0.09

313        1.32        -0.09

314        1.42        -0.09

315        1.32        -0.09

316        1.42        -0.09

317        1.32        -0.09

318        1.42        -0.09

319        1.22        -0.09

320        1.42        -0.09

321        1.22        -0.09

322        1.32        -0.09

323        1.22        -0.09

324        1.32        -0.09

325        1.22        -0.09

326        1.32        -0.09

327        1.22        -0.09

328        1.32        -0.09

329        1.22        -0.09

330        1.32        -0.09

331        1.22        -0.09

332        1.32        -0.09

333        1.22        -0.09

334        1.32        -0.09

335        1.22        -0.09

336        1.32        -0.09

337        1.22        -0.10

338        1.32        -0.10

339        1.22        -0.10

340        1.32        -0.10

341        1.22        -0.10

342        1.32        -0.10

343        1.22        -0.10

344        1.32        -0.10

345        1.22        -0.10

346        1.42        -0.10

347        1.22        -0.10

348        1.32        -0.10

349        1.22        -0.10

350        1.32        -0.10

351        1.22        -0.10

352        1.32        -0.10

353        1.12        -0.10

354        1.32        -0.10

355        1.22        -0.10

356        1.32        -0.10

357        1.12        -0.10

358        1.32        -0.10

359        1.22        -0.11

360        1.42        -0.11

361        1.22        -0.11

362        1.42        -0.11

363        1.22        -0.11

364        1.42        -0.11

365        1.22        -0.11

366        1.42        -0.11

367        1.22        -0.11

368        1.32        -0.11

369        1.22        -0.11

370        1.32        -0.11

371        1.22        -0.11

372        1.32        -0.11

373        1.22        -0.11

374        1.42        -0.11

375        1.22        -0.11

376        1.42        -0.11

377        1.32        -0.11

378        1.42        -0.11

379        1.32        -0.11

380        1.42        -0.11

381        1.32        -0.11

382        1.53        -0.11

383        1.32        -0.12

384        1.42        -0.12

385        1.32        -0.12

386        1.42        -0.12

387        1.32        -0.12

388        1.42        -0.12

389        1.32        -0.12

390        1.42        -0.12

391        1.22        -0.12

392        1.42        -0.12

393        1.32        -0.12

394        1.42        -0.12

395        1.32        -0.12

396        1.42        -0.12

397        1.32        -0.12

398        1.42        -0.12

399        1.32        -0.12

400        1.53        -0.12

401        1.32        -0.12

402        1.53        -0.12

403        1.42        -0.12

404        1.53        -0.12

405        1.32        -0.12

406        1.53        -0.12

407        1.32        -0.12

408        1.53        -0.12

409        1.32        -0.13

410        1.42        -0.13

411        1.22        -0.13

412        1.42        -0.13

413        1.22        -0.13

414        1.42        -0.13

415        1.32        -0.13

416        1.42        -0.13

417        1.32        -0.13

418        1.53        -0.13

419        1.32        -0.13

420        1.53        -0.13

421        1.32        -0.13

422        1.53        -0.13

423        1.32        -0.13

424        1.42        -0.13

425        1.32        -0.13

426        1.42        -0.13

427        1.22        -0.13

428        1.42        -0.13

429        1.22        -0.13

430        1.42        -0.13

431        1.32        -0.14

432        1.42        -0.14

433        1.32        -0.14

434        1.53        -0.14

435        1.42        -0.14

436        1.63        -0.14

437        1.42        -0.14

438        1.53        -0.14

439        1.42        -0.14

440        1.53        -0.14

441        1.32        -0.14

442        1.42        -0.14

443        1.22        -0.14

444        1.42        -0.14

445        1.22        -0.14

446        1.42        -0.14

447        1.32        -0.14

448        1.53        -0.14

449        1.42        -0.14

450        1.63        -0.15

451        1.42        -0.15

452        1.63        -0.15

453        1.53        -0.15

454        1.63        -0.15

455        1.42        -0.15

456        1.53        -0.15

457        1.32        -0.15

458        1.53        -0.15

459        1.32        -0.15

460        1.42        -0.15

461        1.32        -0.15

462        1.53        -0.15

463        1.32        -0.15

464        1.53        -0.15

465        1.42        -0.15

466        1.63        -0.15

467        1.53        -0.15

468        1.63        -0.16

469        1.42        -0.16

470        1.63        -0.16

471        1.42        -0.16

472        1.53        -0.16

473        1.32        -0.16

474        1.53        -0.16

475        1.32        -0.16

476        1.63        -0.16

477        1.53        -0.16

478        1.73        -0.16

479        1.63        -0.16

480        1.83        -0.16

481        1.73        -0.16

482        1.83        -0.16

483        1.53        -0.16

484        1.63        -0.16

485        1.42        -0.17

486        1.53        -0.17

487        1.42        -0.17

488        1.63        -0.17

489        1.53        -0.17

490        1.83        -0.17

491        1.73        -0.17

492        2.04        -0.17

493        1.93        -0.17

494        2.04        -0.17

495        1.93        -0.17

496        2.04        -0.17

497        1.83        -0.17

498        1.83        -0.17

499        1.63        -0.17

500        1.73        -0.17

501        1.42        -0.17 ######

502        1.63        -0.17

503        1.42        -0.17

504        1.63        -0.17

505        1.53        -0.18

506        1.73        -0.18

507        1.73        -0.18

508        2.04        -0.18

509        1.93        -0.18

510        2.24        -0.18

511        2.24        -0.18

512        2.34        -0.18 #########

513        2.14        -0.18

514        2.24        -0.18

515        1.93        -0.18

516        2.04        -0.18

517        1.73        -0.18

518        1.83        -0.18

519        1.63        -0.18 #########

520        1.83        -0.18

521        1.63        -0.18

522        1.93        -0.18

523        1.93        -0.18

524        2.34        -0.18

525        2.44        -0.18

526        2.85        -0.18

527        2.85        -0.19

528        3.26        -0.19

529        3.16        -0.19

530        3.36        -0.19 ########

531        3.16        -0.19

532        3.26        -0.19

533        2.95        -0.19

534        2.85        -0.19

535        2.44        -0.19

536        2.34        -0.19

537        2.04        -0.19

538        2.14        -0.19

539        1.93        -0.19  #########

540        2.24        -0.19

541        2.34        -0.19

542        2.95        -0.19

543        3.36        -0.19

544        3.97        -0.19

545        4.07        -0.19

546        4.17        -0.19 ##########

547        3.77        -0.20

548        3.56        -0.20

549        2.95        -0.20

550        2.75        -0.20

551        2.44        -0.20 ##########

552        2.75        -0.20

553        3.16        -0.20

554        4.38        -0.20

555        5.50        -0.20

556        7.33        -0.20

557        8.65        -0.20

558        10.08        -0.20

559        10.69        -0.20

560        10.99        -0.20 ##########

561        10.38        -0.20

562        9.57        -0.20

563        7.94        -0.20

564        6.62        -0.20

565        5.19        -0.21

566        4.99        -0.21 #############

567        6.31        -0.21

568        10.59        -0.21

569        17.61        -0.21

570        28.50        -0.21

571        42.34        -0.21

572        59.75        -0.21

573        78.47        -0.21

574        96.79        -0.21

575        97.00        -0.21

576        97.00        -0.21

577        97.00        -0.21

578        97.00        -0.21

579        97.00        -0.21

580        97.00        -0.21

581        97.00        -0.21

582        96.90        -0.21

583        97.00        -0.21

584        97.00        -0.21

585        97.00        -0.21

586        97.00        -0.22

587        97.00        -0.22

588        97.00        -0.22

589        97.00        -0.22

590        97.00        -0.22   ##########

591        93.54        -0.22

592        79.90        -0.22

593        66.36        -0.22

594        54.15        -0.22

595        42.65        -0.22

596        32.98        -0.22

597        24.22        -0.22

598        17.40        -0.22

599        11.81        -0.22

600        8.04        -0.22

601        5.39        -0.22

602        4.27        -0.22

603        3.87        -0.22 ############

604        4.48        -0.22

605        5.29        -0.22

606        6.41        -0.22

607        7.33        -0.22

608        8.35        -0.22

609        8.85        -0.22

610        9.36        -0.22

611        9.16        -0.22

612        9.06        -0.23 #############

613        8.24        -0.23

614        7.63        -0.23

615        6.62        -0.23

616        5.90        -0.23

617        4.89        -0.23

618        4.27        -0.23

619        3.46        -0.23

620        3.05        -0.23

621        2.54        -0.23

622        2.54        -0.23

623        2.24        -0.23  #############

624        2.54        -0.23

625        2.65        -0.23

626        3.05        -0.23

627        3.26        -0.23

628        3.77        -0.23

629        3.97        -0.23

630        4.38        -0.23

631        4.38        -0.23

632        4.68        -0.23 #############

633        4.48        -0.23

634        4.68        -0.23

635        4.38        -0.23

636        4.27        -0.23

637        3.87        -0.23

638        3.66        -0.23

639        3.16        -0.24

640        2.95        -0.24

641        2.54        -0.24

642        2.44        -0.24

643        2.14        -0.24

644        2.14        -0.24

645        1.83        -0.24 ############

646        2.04        -0.24

647        1.93        -0.24

648        2.04        -0.24

649        1.93        -0.24

650        2.24        -0.24

651        2.24        -0.24

652        2.54        -0.24

653        2.54        -0.24

654        2.85        -0.24

655        2.85        -0.24

656        3.16        -0.24

657        3.05        -0.24

658        3.16        -0.24 ############

659        2.95        -0.24

660        2.95        -0.24

661        2.75        -0.24

662        2.75        -0.24

663        2.34        -0.24

664        2.34        -0.24

665        1.93        -0.24

666        1.93        -0.24

667        1.63        -0.24

668        1.73        -0.24

669        1.53        -0.25

670        1.73        -0.25

671        1.63        -0.25

672        1.83        -0.25

673        1.73        -0.25

674        2.04        -0.25

675        1.93        -0.25

676        2.14        -0.25

677        2.14        -0.25

678        2.34        -0.25

679        2.24        -0.25

680        2.44        -0.25

681        2.24        -0.25

682        2.34        -0.25

683        2.14        -0.25

684        2.34        -0.25

685        2.04        -0.25

686        2.14        -0.25

687        1.93        -0.25

688        1.93        -0.25

689        1.73        -0.25

690        1.83        -0.25

691        1.53        -0.25

692        1.73        -0.25

693        1.53        -0.25

694        1.63        -0.25

695        1.53        -0.25

696        1.73        -0.25

697        1.63        -0.25

698        1.83        -0.25

699        1.73        -0.25

700        2.04        -0.26

701        1.93        -0.26

702        2.14        -0.26

703        2.04        -0.26

704        2.14        -0.26

705        1.93        -0.26

706        2.14        -0.26

707        1.83        -0.26

708        1.93        -0.26

709        1.63        -0.26

710        1.73        -0.26

711        1.53        -0.26

712        1.63        -0.26

713        1.53        -0.26

714        1.73        -0.26

715        1.53        -0.26

716        1.73        -0.26

717        1.63        -0.26

718        1.83        -0.26

719        1.73        -0.26

720        1.93        -0.26

721        1.73        -0.26

722        1.93        -0.27

723        1.73        -0.27

724        1.93        -0.27

725        1.63        -0.27

726        1.73        -0.27

727        1.53        -0.27

728        1.73        -0.27

729        1.42        -0.27

730        1.63        -0.27

731        1.53        -0.27

732        1.63        -0.27

733        1.53        -0.27

734        1.73        -0.27

735        1.63        -0.27

736        1.83        -0.27

737        1.63        -0.27

738        1.83        -0.27

739        1.63        -0.27

740        1.73        -0.27

741        1.53        -0.27

742        1.63        -0.28

743        1.42        -0.28

744        1.53        -0.28

745        1.42        -0.28

746        1.53        -0.28

747        1.42        -0.28

748        1.63        -0.28

749        1.53        -0.28

750        1.63        -0.28

751        1.53        -0.28

752        1.73        -0.28

753        1.53        -0.28

754        1.73        -0.28

755        1.53        -0.28

756        1.73        -0.28

757        1.53        -0.28

758        1.63        -0.28

759        1.42        -0.28

760        1.63        -0.28

761        1.42        -0.28

762        1.53        -0.28

763        1.42        -0.29

764        1.53        -0.29

765        1.42        -0.29

766        1.63        -0.29

767        1.53        -0.29

768        1.73        -0.29

769        1.53        -0.29

770        1.73        -0.29

771        1.53        -0.29

772        1.73        -0.29

773        1.53        -0.29

774        1.63        -0.29

775        1.42        -0.29

776        1.63        -0.29

777        1.32        -0.29

778        1.53        -0.29

779        1.42        -0.29

780        1.63        -0.29

781        1.42        -0.29

782        1.63        -0.30

783        1.53        -0.30

784        1.63        -0.30

785        1.53        -0.30

786        1.73        -0.30

787        1.53        -0.30

788        1.63        -0.30

789        1.42        -0.30

790        1.63        -0.30

791        1.42        -0.30

792        1.53        -0.30

793        1.42        -0.30

794        1.53        -0.30

795        1.42        -0.30

796        1.63        -0.30

797        1.53        -0.30

798        1.73        -0.30

799        1.53        -0.31

800        1.63        -0.31

801        1.42        -0.31

802        1.63        -0.31

803        1.42        -0.31

804        1.53        -0.31

805        1.42        -0.31

806        1.53        -0.31

807        1.42        -0.31

808        1.63        -0.31

809        1.42        -0.31

810        1.63        -0.31

811        1.42        -0.31

812        1.63        -0.31

813        1.42        -0.31

814        1.63        -0.31

815        1.42        -0.31

816        1.63        -0.31

817        1.42        -0.32

818        1.53        -0.32

819        1.42        -0.32

820        1.53        -0.32

821        1.42        -0.32

822        1.53        -0.32

823        1.42        -0.32

824        1.63        -0.32

825        1.42        -0.32

826        1.63        -0.32

827        1.42        -0.32

828        1.63        -0.32

829        1.42        -0.32

830        1.63        -0.32

831        1.53        -0.32

832        1.63        -0.32

833        1.42        -0.32

834        1.63        -0.32

835        1.42        -0.32

836        1.63        -0.32

837        1.42        -0.32

838        1.63        -0.32

839        1.42        -0.32

840        1.53        -0.32

841        1.42        -0.32

842        1.53        -0.32

843        1.32        -0.32

844        1.53        -0.33

845        1.32        -0.33

846        1.53        -0.33

847        1.42        -0.33

848        1.53        -0.33

849        1.42        -0.33

850        1.63        -0.33

851        1.42        -0.33

852        1.53        -0.33

853        1.42        -0.33

854        1.53        -0.33

855        1.42        -0.33

856        1.63        -0.33

857        1.32        -0.33

858        1.53        -0.33

859        1.32        -0.33

860        1.53        -0.33

861        1.32        -0.33

862        1.53        -0.33

863        1.32        -0.33

864        1.53        -0.33

865        1.32        -0.34

866        1.53        -0.34

867        1.32        -0.34

868        1.53        -0.34

869        1.32        -0.34

870        1.53        -0.34

871        1.32        -0.34

872        1.53        -0.34

873        1.32        -0.34

874        1.53        -0.34

875        1.32        -0.34

876        1.53        -0.34

877        1.32        -0.34

878        1.53        -0.34

879        1.32        -0.34

880        1.53        -0.34

881        1.32        -0.34

882        1.53        -0.34

883        1.32        -0.34

884        1.53        -0.34

885        1.32        -0.35

886        1.53        -0.35

887        1.32        -0.35

888        1.53        -0.35

889        1.32        -0.35

890        1.53        -0.35

891        1.32        -0.35

892        1.53        -0.35

893        1.32        -0.35

894        1.53        -0.35

895        1.32        -0.35