1        0.92        0.00

2        1.02        0.00

3        0.92        0.00

4        1.02        0.00

5        0.92        0.00

6        1.02        0.00

7        0.92        0.00

8        1.02        0.00

9        0.92        0.00

10        1.02        0.00

11        0.92        0.00

12        1.02        0.00

13        0.92        0.00

14        1.02        0.00

15        0.92        0.00

16        1.02        0.00

17        0.92        0.00

18        1.02        0.00

19        0.92        0.00

20        1.02        0.00

21        0.92        0.00

22        1.02        0.00

23        0.92        0.00

24        1.02        0.00

25        0.92        0.00

26        1.02        0.00

27        0.92        0.00

28        1.02        0.00

29        0.92        0.00

30        1.02        0.00

31        0.92        0.00

32        1.02        0.00

33        0.92        0.00

34        0.92        0.00

35        0.92        0.00

36        0.92        0.00

37        0.81        0.00

38        1.02        0.00

39        0.92        0.00

40        1.02        0.00

41        0.81        0.00

42        1.02        0.00

43        0.92        0.00

44        0.92        0.00

45        0.81        0.00

46        1.02        0.00

47        0.92        0.00

48        1.02        0.00

49        0.81        0.00

50        1.02        0.00

51        0.81        0.00

52        1.02        0.00

53        0.92        0.00

54        1.02        0.00

55        0.92        0.00

56        1.02        0.00

57        0.92        0.00

58        1.02        0.00

59        0.81        0.00

60        1.02        0.00

61        0.81        0.00

62        0.92        0.00

63        0.92        0.00

64        1.02        0.00

65        0.81        0.00

66        1.02        0.00

67        0.81        0.00

68        0.92        0.00

69        0.92        0.00

70        1.02        0.00

71        0.81        0.00

72        0.92        0.00

73        0.92        0.00

74        1.02        0.00

75        0.92        0.00

76        0.92        0.00

77        0.81        0.00

78        1.02        0.00

79        0.92        0.00

80        0.92        0.00

81        0.92        0.00

82        1.02        0.00

83        0.92        0.00

84        1.02        0.00

85        0.92        0.00

86        0.92        0.00

87        0.92        0.00

88        1.02        0.00

89        0.92        0.00

90        1.02        0.00

91        0.92        0.00

92        0.92        0.00

93        0.92        0.00

94        0.92        0.00

95        0.92        0.00

96        0.92        0.00

97        0.81        0.00

98        0.92        0.00

99        0.81        0.00

100        0.92        0.00

101        0.81        0.00

102        0.92        0.00

103        0.81        0.00

104        0.92        0.00

105        0.81        0.00

106        1.02        0.00

107        0.92        0.00

108        0.92        0.00

109        0.92        0.00

110        1.02        0.00

111        0.81        0.00

112        1.02        0.00

113        0.81        0.00

114        0.92        0.00

115        0.81        0.00

116        0.92        0.00

117        0.81        0.00

118        1.02        0.00

119        0.92        0.00

120        1.02        0.00

121        0.92        0.00

122        1.02        0.00

123        0.92        0.00

124        0.92        0.00

125        0.92        0.00

126        0.92        0.00

127        0.81        0.00

128        0.92        0.00

129        0.92        0.00

130        1.02        0.00

131        0.81        0.00

132        0.92        0.00

133        0.92        0.00

134        1.02        0.00

135        0.92        0.00

136        1.02        0.00

137        0.81        0.00

138        0.92        0.00

139        0.81        0.00

140        1.02        0.00

141        0.92        0.00

142        0.92        0.00

143        0.81        0.00

144        1.02        0.00

145        0.81        0.00

146        1.02        0.00

147        0.81        0.00

148        1.02        0.00

149        0.81        0.00

150        1.02        0.00

151        0.81        0.00

152        1.02        0.00

153        0.81        0.00

154        1.02        0.00

155        0.92        0.00

156        0.92        0.00

157        0.81        0.00

158        1.02        0.00

159        0.81        0.00

160        1.02        0.00

161        0.81        0.00

162        1.02        0.00

163        0.81        0.00

164        1.02        0.00

165        0.81        0.00

166        1.02        0.00

167        0.81        0.00

168        1.02        0.00

169        0.81        0.00

170        1.02        0.00

171        0.81        0.00

172        1.02        0.00

173        0.81        0.00

174        1.02        0.00

175        0.81        0.00

176        1.02        0.00

177        0.81        0.00

178        1.02        0.00

179        0.81        0.00

180        1.02        0.00

181        0.81        0.00

182        1.02        0.00

183        0.81        0.00

184        1.02        0.00

185        0.81        0.00

186        0.92        0.00

187        0.71        0.00

188        0.92        0.00

189        0.71        0.00

190        0.92        0.00

191        0.71        0.00

192        0.92        0.00

193        0.71        0.00

194        0.92        0.00

195        0.71        0.00

196        0.92        0.00

197        0.71        0.00

198        0.92        0.00

199        0.71        0.00

200        0.92        0.00

201        0.71        0.00

202        0.92        0.00

203        0.71        0.00

204        0.92        0.00

205        0.71        0.00

206        0.92        0.00

207        0.71        0.00

208        0.92        0.00

209        0.71        -8.33E-5

210        0.92        -2.50E-4

211        0.71        -4.17E-4

212        0.92        -4.17E-4

213        0.71        -4.17E-4

214        0.92        -4.17E-4

215        0.71        -4.17E-4

216        0.92        -4.17E-4

217        0.71        -2.50E-4

218        0.92        -8.33E-5

219        0.71        0.00

220        0.92        0.00

221        0.71        0.00

222        0.92        0.00

223        0.71        0.00

224        0.92        0.00

225        0.71        0.00

226        0.92        0.00

227        0.71        0.00

228        0.92        0.00

229        0.71        0.00

230        0.92        0.00

231        0.71        0.00

232        0.92        0.00

233        0.71        0.00

234        0.92        0.00

235        0.71        0.00

236        0.92        0.00

237        0.71        0.00

238        0.92        0.00

239        0.71        0.00

240        0.92        0.00

241        0.71        0.00

242        0.92        0.00

243        0.71        0.00

244        0.92        -8.33E-5

245        0.71        -2.50E-4

246        0.92        -4.17E-4

247        0.71        -2.50E-4

248        0.92        -8.33E-5

249        0.71        0.00

250        0.92        0.00

251        0.71        0.00

252        0.92        0.00

253        0.71        0.00

254        0.92        0.00

255        0.71        0.00

256        0.92        0.00

257        0.71        0.00

258        0.92        0.00

259        0.71        0.00

260        0.92        0.00

261        0.71        0.00

262        0.92        0.00

263        0.71        0.00

264        0.92        0.00

265        0.71        0.00

266        0.92        0.00

267        0.71        0.00

268        0.92        0.00

269        0.71        0.00

270        0.92        0.00

271        0.71        0.00

272        0.92        0.00

273        0.71        0.00

274        0.92        0.00

275        0.71        0.00

276        0.92        0.00

277        0.71        0.00

278        0.92        0.00

279        0.71        0.00

280        0.92        0.00

281        0.71        0.00

282        0.92        0.00

283        0.71        0.00

284        0.92        0.00

285        0.71        0.00

286        0.92        0.00

287        0.71        0.00

288        0.92        0.00

289        0.71        0.00

290        0.92        0.00

291        0.71        0.00

292        0.92        0.00

293        0.71        0.00

294        0.92        -8.33E-5

295        0.71        -2.50E-4

296        0.92        -4.17E-4

297        0.71        -4.17E-4

298        0.92        -4.17E-4

299        0.71        -4.17E-4

300        0.92        -4.17E-4

301        0.71        -4.17E-4

302        0.92        -4.17E-4

303        0.71        -4.17E-4

304        0.92        -4.17E-4

305        0.71        -4.17E-4

306        0.92        -4.17E-4

307        0.71        -4.17E-4

308        0.92        -4.17E-4

309        0.71        -4.17E-4

310        0.92        -4.17E-4

311        0.71        -4.17E-4

312        0.92        -4.17E-4

313        0.71        -4.17E-4

314        0.92        -4.17E-4

315        0.71        -4.17E-4

316        0.92        -4.17E-4

317        0.71        -4.17E-4

318        0.92        -4.17E-4

319        0.71        -4.17E-4

320        0.92        -4.17E-4

321        0.71        -4.17E-4

322        1.02        -4.17E-4

323        0.81        -4.17E-4

324        1.02        -4.17E-4

325        0.81        -4.17E-4

326        1.02        -4.17E-4

327        0.81        -4.17E-4

328        1.02        -4.17E-4

329        0.81        -4.17E-4

330        1.02        -4.17E-4

331        0.81        -4.17E-4

332        0.92        -4.17E-4

333        0.71        -4.17E-4

334        0.92        -4.17E-4

335        0.71        -4.17E-4

336        0.92        -4.17E-4

337        0.81        -4.17E-4

338        1.02        -4.17E-4

339        0.81        -4.17E-4

340        0.92        -4.17E-4

341        0.81        -4.17E-4

342        1.02        -4.17E-4

343        0.81        -4.17E-4

344        1.02        -4.17E-4

345        0.81        -4.17E-4

346        1.02        -4.17E-4

347        0.81        -4.17E-4

348        1.02        -4.17E-4

349        0.81        -4.17E-4

350        1.02        -4.17E-4

351        0.81        -4.17E-4

352        1.02        -4.17E-4

353        0.81        -4.17E-4

354        1.02        -4.17E-4

355        0.81        -4.17E-4

356        1.02        -4.17E-4

357        0.81        -4.17E-4

358        1.02        -4.17E-4

359        0.81        -5.00E-4

360        1.02        -6.67E-4

361        0.81        -8.33E-4

362        1.02        -8.33E-4

363        0.81        -8.33E-4

364        1.02        -8.33E-4

365        0.81        -8.33E-4

366        1.02        -8.33E-4

367        0.81        -8.33E-4

368        1.02        -8.33E-4

369        0.81        -8.33E-4

370        1.02        -8.33E-4

371        0.81        -8.33E-4

372        1.02        -8.33E-4

373        0.81        -8.33E-4

374        1.02        -8.33E-4

375        0.81        -8.33E-4

376        1.02        -8.33E-4

377        0.81        -1.00E-3

378        1.02        0.00

379        0.81        0.00

380        1.02        0.00

381        0.81        0.00

382        1.02        0.00

383        0.71        0.00

384        1.02        0.00

385        0.71        0.00

386        0.92        0.00

387        0.81        0.00

388        1.02        0.00

389        0.81        0.00

390        0.92        0.00

391        0.81        0.00

392        0.92        0.00

393        0.81        0.00

394        1.02        0.00

395        0.81        -0.01

396        0.92        -0.01

397        0.81        -0.01

398        0.92        -0.01

399        0.81        -0.01

400        1.02        -0.01

401        0.71        -0.01

402        0.92        -0.01

403        0.81        -0.01

404        0.92        -0.01

405        0.81        -0.01

406        0.92        -0.01

407        0.81        -0.01

408        1.02        -0.01

409        0.71        -0.01

410        1.02        -0.01

411        0.81        -0.01

412        1.02        -0.01

413        0.81        -0.01

414        0.92        -0.01

415        0.71        -0.01

416        0.92        -0.01

417        0.81        -0.01

418        1.02        -0.01

419        0.81        -0.01

420        1.02        -0.01

421        0.81        -0.01

422        0.92        -0.02

423        0.81        -0.02

424        1.02        -0.02

425        0.81        -0.02

426        1.02        -0.02

427        0.81        -0.02

428        1.02        -0.02

429        0.81        -0.02

430        1.02        -0.02

431        0.71        -0.02

432        0.92        -0.02

433        0.81        -0.02

434        1.02        -0.02

435        0.71        -0.02

436        0.92        -0.02

437        0.71        -0.02

438        0.92        -0.02

439        0.81        -0.02

440        1.02        -0.03

441        0.81        -0.03

442        0.92        -0.03

443        0.81        -0.03

444        1.02        -0.03

445        0.81        -0.03

446        1.02        -0.03

447        0.81        -0.03

448        1.02        -0.03

449        0.81        -0.03

450        1.02        -0.03

451        0.81        -0.03

452        1.02        -0.03

453        0.81        -0.03

454        1.02        -0.03

455        0.81        -0.04

456        1.02        -0.04

457        0.81        -0.04

458        0.92        -0.04

459        0.71        -0.04

460        1.02        -0.04

461        0.81        -0.04

462        1.02        -0.04

463        0.81        -0.04

464        1.02        -0.04

465        0.81        -0.04

466        0.92        -0.04

467        0.81        -0.04

468        1.02        -0.04

469        0.71        -0.04

470        1.02        -0.04

471        0.71        -0.04

472        0.92        -0.05

473        0.71        -0.05

474        0.92        -0.05

475        0.71        -0.05

476        0.92        -0.05

477        0.71        -0.05

478        1.02        -0.05

479        0.81        -0.05

480        0.92        -0.05

481        0.71        -0.05

482        0.92        -0.05

483        0.81        -0.05

484        0.92        -0.05

485        0.71        -0.05

486        1.02        -0.05

487        0.81        -0.05

488        1.02        -0.06

489        0.81        -0.06

490        1.02        -0.06

491        0.81        -0.06

492        1.02        -0.06

493        0.81        -0.06

494        1.02        -0.06

495        0.81        -0.06

496        0.92        -0.06

497        0.81        -0.06

498        1.02        -0.06

499        0.81        -0.06

500        1.02        -0.06

501        0.81        -0.06

502        1.02        -0.06

503        0.81        -0.06

504        1.02        -0.06

505        0.81        -0.06

506        1.02        -0.06

507        0.81        -0.07

508        1.02        -0.07

509        0.81        -0.07

510        1.02        -0.07

511        0.81        -0.07

512        1.02        -0.07

513        0.81        -0.07

514        1.02        -0.07

515        0.81        -0.07

516        1.02        -0.07

517        0.81        -0.07

518        0.92        -0.07

519        0.81        -0.07

520        1.02        -0.07

521        0.81        -0.07

522        1.02        -0.07

523        0.81        -0.07

524        0.92        -0.07

525        0.81        -0.07

526        1.02        -0.07

527        0.81        -0.07

528        1.02        -0.07

529        0.81        -0.07

530        1.02        -0.08

531        0.81        -0.08

532        1.02        -0.08

533        0.81        -0.08

534        1.02        -0.08

535        0.81        -0.08

536        0.92        -0.08

537        0.81        -0.08

538        1.02        -0.08

539        0.81        -0.08

540        1.02        -0.08

541        0.81        -0.08

542        0.92        -0.08

543        0.81        -0.08

544        1.02        -0.08

545        0.81        -0.08

546        1.02        -0.08

547        0.81        -0.08

548        1.02        -0.08

549        0.81        -0.08

550        1.02        -0.09

551        0.81        -0.09

552        1.02        -0.09

553        0.81        -0.09

554        1.02        -0.09

555        0.81        -0.09

556        1.02        -0.09

557        0.81        -0.09

558        1.02        -0.09

559        0.81        -0.09

560        1.02        -0.09

561        0.81        -0.09

562        1.02        -0.09

563        0.81        -0.09

564        1.02        -0.09

565        0.81        -0.09

566        1.02        -0.10

567        0.81        -0.10

568        1.02        -0.10

569        0.81        -0.10

570        1.02        -0.10

571        0.81        -0.10

572        1.02        -0.10

573        0.81        -0.10

574        1.02        -0.10

575        0.81        -0.10

576        1.02        -0.10

577        0.81        -0.10

578        1.02        -0.10

579        0.81        -0.10

580        1.02        -0.10

581        0.81        -0.10

582        1.02        -0.10

583        0.81        -0.10

584        1.02        -0.10

585        0.81        -0.10

586        1.02        -0.10

587        0.81        -0.11

588        1.02        -0.11

589        0.81        -0.11

590        1.02        -0.11

591        0.81        -0.11

592        1.02        -0.11

593        0.81        -0.11

594        1.02        -0.11

595        0.81        -0.11

596        1.02        -0.11

597        0.81        -0.11

598        1.02        -0.11

599        0.81        -0.11

600        1.02        -0.11

601        0.81        -0.11

602        1.02        -0.11

603        0.81        -0.11

604        1.02        -0.11

605        0.81        -0.11

606        1.02        -0.11

607        0.81        -0.11

608        1.02        -0.11

609        0.81        -0.11

610        1.02        -0.11

611        0.81        -0.11

612        1.02        -0.12

613        0.81        -0.12

614        1.02        -0.12

615        0.81        -0.12

616        1.02        -0.12

617        0.81        -0.12

618        1.02        -0.12

619        0.81        -0.12

620        1.02        -0.12

621        0.92        -0.12

622        1.02        -0.12

623        0.81        -0.12

624        1.02        -0.12

625        0.81        -0.12

626        1.02        -0.12

627        0.81        -0.12

628        1.02        -0.12

629        0.81        -0.12

630        1.02        -0.12

631        0.81        -0.12

632        1.02        -0.12

633        0.81        -0.12

634        1.02        -0.12

635        0.81        -0.12

636        1.02        -0.12

637        0.81        -0.13

638        1.02        -0.13

639        0.81        -0.13

640        1.02        -0.13

641        0.81        -0.13

642        1.02        -0.13

643        0.81        -0.13

644        1.02        -0.13

645        0.92        -0.13

646        1.02        -0.13

647        0.92        -0.13

648        1.02        -0.13

649        0.92        -0.13

650        1.12        -0.13

651        0.81        -0.13

652        1.02        -0.13

653        0.92        -0.13

654        1.02        -0.13

655        0.81        -0.13

656        1.02        -0.13

657        0.92        -0.13

658        1.02        -0.13

659        0.92        -0.13

660        1.02        -0.13

661        0.92        -0.13

662        1.12        -0.13

663        0.92        -0.13

664        1.12        -0.14

665        0.92        -0.14

666        1.02        -0.14

667        0.92        -0.14

668        1.02        -0.14

669        0.92        -0.14

670        1.12        -0.14

671        0.92        -0.14

672        1.12        -0.14

673        0.92        -0.14

674        1.02        -0.14

675        0.92        -0.14

676        1.12        -0.14

677        0.92        -0.14

678        1.12        -0.14

679        0.92        -0.14

680        1.12        -0.14

681        0.92        -0.14

682        1.12        -0.14

683        0.92        -0.14

684        1.12        -0.14

685        0.92        -0.14

686        1.12        -0.14

687        0.92        -0.14

688        1.12        -0.14

689        0.92        -0.14

690        1.12        -0.14

691        0.92        -0.14

692        1.12        -0.15

693        0.92        -0.15

694        1.12        -0.15

695        0.92        -0.15

696        1.12        -0.15

697        1.02        -0.15

698        1.12        -0.15

699        0.92        -0.15

700        1.12        -0.15

701        0.92        -0.15

702        1.12        -0.15

703        1.02        -0.15

704        1.22        -0.15

705        0.92        -0.15

706        1.12        -0.15

707        0.92        -0.15

708        1.12        -0.15

709        1.02        -0.15

710        1.22        -0.15

711        0.92        -0.15

712        1.12        -0.15

713        0.92        -0.15

714        1.12        -0.15

715        1.02        -0.15

716        1.22        -0.15

717        1.02        -0.16

718        1.12        -0.16

719        0.92        -0.16

720        1.12        -0.16

721        1.02        -0.16

722        1.22        -0.16

723        1.02        -0.16

724        1.12        -0.16

725        0.92        -0.16

726        1.12        -0.16

727        1.02        -0.16

728        1.22        -0.16

729        1.02        -0.16

730        1.12        -0.16

731        0.92        -0.16

732        1.02        -0.16

733        0.92        -0.16

734        1.12        -0.16

735        0.92        -0.16

736        1.12        -0.16

737        1.02        -0.16

738        1.12        -0.16

739        0.92        -0.16

740        1.12        -0.16

741        0.92        -0.16

742        1.02        -0.16

743        0.92        -0.16

744        1.12        -0.16

745        0.92        -0.17

746        1.02        -0.17

747        0.92        -0.17

748        1.02        -0.17

749        0.92        -0.17

750        1.02        -0.17

751        0.81        -0.17

752        1.02        -0.17

753        0.81        -0.17

754        1.02        -0.17

755        0.81        -0.17

756        1.02        -0.17

757        0.92        -0.17

758        1.02        -0.17

759        0.92        -0.17

760        1.02        -0.17

761        0.92        -0.17

762        1.02        -0.17

763        0.81        -0.17

764        1.02        -0.17

765        0.92        -0.17

766        1.12        -0.17

767        0.92        -0.17

768        1.12        -0.17

769        0.92        -0.17

770        1.12        -0.17

771        0.92        -0.17

772        1.12        -0.18

773        0.92        -0.18

774        1.12        -0.18

775        1.02        -0.18

776        1.22        -0.18

777        1.02        -0.18

778        1.12        -0.18

779        1.02        -0.18

780        1.32        -0.18

781        1.32        -0.18

782        1.42        -0.18

783        1.22        -0.18

784        1.22        -0.18

785        1.12        -0.18

786        1.53        -0.18

787        1.63        -0.18

788        1.83        -0.18

789        1.42        -0.18

790        1.32        -0.18

791        1.22        -0.18

792        1.73        -0.18

793        1.93        -0.18

794        2.34        -0.18

795        2.04        -0.18

796        1.83        -0.18

797        1.42        -0.19

798        1.73        -0.19

799        2.04        -0.19

800        2.75        -0.19

801        2.75        -0.19

802        2.65        -0.19

803        1.93        -0.19

804        1.73        -0.19

805        1.73        -0.19

806        2.65        -0.19

807        3.16        -0.19

808        3.36        -0.19

809        2.65        -0.19

810        2.14        -0.19

811        1.83        -0.19

812        2.65        -0.19

813        3.46        -0.19

814        4.17        -0.19

815        3.66        -0.19

816        2.85        -0.19

817        2.04        -0.19

818        2.54        -0.19

819        3.36        -0.19

820        4.68        -0.19

821        4.78        -0.19

822        4.27        -0.19

823        2.95        -0.20

824        2.44        -0.20

825        2.54        -0.20

826        3.97        -0.20

827        5.09        -0.20

828        5.60        -0.20

829        4.38        -0.20

830        3.26        -0.20

831        2.44        -0.20

832        3.56        -0.20

833        5.09        -0.20

834        6.21        -0.20

835        5.39        -0.20

836        4.07        -0.20

837        2.75        -0.20

838        2.95        -0.20

839        4.07        -0.20

840        5.80        -0.20

841        6.51        -0.20

842        6.41        -0.20

843        4.78        -0.20

844        3.46        -0.20

845        2.65        -0.20

846        3.56        -0.20

847        4.89        -0.20

848        6.51        -0.20

849        7.02        -0.20

850        6.62        -0.21

851        5.09        -0.21

852        3.77        -0.21

853        2.75        -0.21

854        3.05        -0.21

855        4.17        -0.21

856        5.90        -0.21

857        6.82        -0.21

858        6.62        -0.21

859        4.89        -0.21

860        3.46        -0.21

861        2.95        -0.21

862        4.38        -0.21

863        6.01        -0.21

864        6.92        -0.21

865        5.80        -0.21

866        4.17        -0.21

867        2.95        -0.21

868        3.46        -0.21

869        4.99        -0.21

870        6.41        -0.21

871        6.11        -0.21

872        4.78        -0.21

873        3.16        -0.21

874        2.95        -0.21

875        3.77        -0.21

876        5.39        -0.21

877        6.01        -0.21

878        5.50        -0.21

879        3.87        -0.21

880        2.85        -0.22

881        2.75        -0.22

882        4.17        -0.22

883        5.19        -0.22

884        5.29        -0.22

885        3.97        -0.22

886        2.85        -0.22

887        2.34        -0.22

888        3.05        -0.22

889        3.97        -0.22

890        4.89        -0.22

891        4.68        -0.22

892        3.97        -0.22

893        2.75        -0.22

894        2.24        -0.22

895        2.14        -0.22

896        2.95        -0.22

897        3.56        -0.22

898        4.27        -0.22

899        4.07        -0.22

900        3.77        -0.22

901        2.85        -0.22

902        2.24        -0.22

903        1.73        -0.22

904        1.93        -0.22

905        2.04        -0.22

906        2.75        -0.22

907        3.05        -0.22

908        3.56        -0.22

909        3.46        -0.22

910        3.46        -0.22

911        2.85        -0.22

912        2.54        -0.22

913        1.83        -0.22

914        1.63        -0.23

915        1.63        -0.23

916        2.14        -0.23

917        2.44        -0.23

918        2.85        -0.23

919        2.54        -0.23

920        2.34        -0.23

921        1.73        -0.23

922        1.53        -0.23

923        1.42        -0.23

924        1.93        -0.23

925        2.04        -0.23

926        2.14        -0.23

927        1.53        -0.23

928        1.42        -0.23

929        1.22        -0.23

930        1.53        -0.23

931        1.63        -0.23

932        1.73        -0.23

933        1.53        -0.23

934        1.42        -0.23

935        1.12        -0.23

936        1.22        -0.23

937        1.12        -0.23

938        1.42        -0.23

939        1.32        -0.23

940        1.32        -0.24

941        1.12        -0.24

942        1.12        -0.24

943        0.92        -0.24

944        1.12        -0.24

945        1.02        -0.24

946        1.12        -0.24

947        1.02        -0.24

948        1.02        -0.24

949        0.92        -0.24

950        1.12        -0.24

951        0.92        -0.24

952        1.02        -0.24

953        0.92        -0.24

954        1.02        -0.24

955        0.81        -0.24

956        1.02        -0.24

957        0.81        -0.24

958        1.02        -0.24

959        0.81        -0.24

960        0.92        -0.24

961        0.81        -0.24

962        1.02        -0.24

963        0.81        -0.25

964        1.02        -0.25

965        0.81        -0.25

966        0.92        -0.25

967        0.81        -0.25

968        1.02        -0.25

969        0.92        -0.25

970        1.02        -0.25

971        0.92        -0.25

972        1.02        -0.25

973        0.81        -0.25

974        1.02        -0.25

975        0.92        -0.25

976        1.12        -0.25

977        0.92        -0.25

978        0.92        -0.25

979        0.81        -0.25

980        1.02        -0.25

981        1.02        -0.25

982        1.12        -0.25

983        0.92        -0.25

984        1.02        -0.25

985        0.81        -0.25

986        1.02        -0.25

987        1.02        -0.25

988        1.12        -0.26

989        0.92        -0.26

990        1.02        -0.26

991        0.92        -0.26

992        1.12        -0.26

993        1.02        -0.26

994        1.12        -0.26

995        1.02        -0.26

996        1.02        -0.26

997        0.92        -0.26

998        1.02        -0.26

999        0.92        -0.26

1000        1.12        -0.26

1001        1.12        -0.26

1002        1.12        -0.26

1003        0.92        -0.26

1004        1.02        -0.26

1005        0.92        -0.26

1006        1.02        -0.26

1007        1.02        -0.26

1008        1.12        -0.26

1009        1.02        -0.26

1010        1.12        -0.26

1011        0.92        -0.26

1012        1.02        -0.26

1013        0.92        -0.26

1014        1.02        -0.26

1015        1.02        -0.26

1016        1.12        -0.26

1017        1.02        -0.27

1018        1.02        -0.27

1019        0.92        -0.27

1020        1.02        -0.27

1021        0.92        -0.27

1022        1.12        -0.27

1023        1.02        -0.27

1024        1.02        -0.27

1025        0.92        -0.27

1026        1.02        -0.27

1027        0.92        -0.27

1028        1.02        -0.27

1029        0.92        -0.27

1030        1.02        -0.27

1031        0.92        -0.27

1032        1.02        -0.27

1033        0.92        -0.27

1034        1.02        -0.27

1035        0.81        -0.27

1036        1.02        -0.27

1037        0.81        -0.27

1038        1.02        -0.28

1039        0.92        -0.28

1040        1.02        -0.28

1041        0.92        -0.28

1042        1.02        -0.28

1043        0.81        -0.28

1044        0.92        -0.28

1045        0.92        -0.28

1046        1.02        -0.28

1047        0.81        -0.28

1048        1.02        -0.28

1049        0.92        -0.28

1050        1.02        -0.28

1051        0.81        -0.28

1052        1.02        -0.28

1053        0.92        -0.28

1054        1.02        -0.28

1055        0.81        -0.28

1056        0.92        -0.28

1057        0.81        -0.28

1058        0.92        -0.28

1059        0.81        -0.28

1060        1.02        -0.29

1061        0.81        -0.29

1062        0.92        -0.29

1063        0.92        -0.29

1064        0.92        -0.29

1065        0.92        -0.29

1066        0.92        -0.29

1067        0.81        -0.29

1068        0.92        -0.29

1069        0.92        -0.29

1070        1.02        -0.29

1071        0.92        -0.29

1072        0.92        -0.29

1073        0.81        -0.29

1074        0.92        -0.29

1075        0.81        -0.29

1076        0.92        -0.29

1077        0.81        -0.29

1078        0.92        -0.29

1079        0.92        -0.29

1080        1.02        -0.29

1081        0.92        -0.29

1082        0.92        -0.29

1083        0.92        -0.29

1084        0.92        -0.29

1085        0.81        -0.29

1086        0.92        -0.29

1087        0.81        -0.29

1088        1.02        -0.29

1089        0.92        -0.29

1090        0.92        -0.30

1091        0.81        -0.30

1092        0.92        -0.30

1093        0.81        -0.30

1094        0.92        -0.30

1095        0.92        -0.30

1096        0.92        -0.30

1097        0.81        -0.30

1098        0.92        -0.30

1099        0.81        -0.30

1100        0.92        -0.30

1101        0.81        -0.30

1102        1.02        -0.30

1103        0.92        -0.30

1104        0.92        -0.30

1105        0.81        -0.30

1106        0.92        -0.30

1107        0.92        -0.30

1108        0.92        -0.30

1109        0.92        -0.30

1110        0.92        -0.30

1111        0.92        -0.30

1112        0.92        -0.30

1113        0.92        -0.30

1114        1.02        -0.30

1115        0.92        -0.30

1116        0.92        -0.30

1117        0.81        -0.31

1118        0.92        -0.31

1119        0.92        -0.31

1120        1.02        -0.31

1121        0.81        -0.31

1122        0.92        -0.31

1123        0.92        -0.31

1124        0.92        -0.31

1125        0.81        -0.31

1126        0.92        -0.31

1127        0.92        -0.31

1128        1.02        -0.31

1129        0.92        -0.31

1130        0.92        -0.31

1131        0.92        -0.31

1132        0.92        -0.31

1133        0.92        -0.31

1134        0.92        -0.31

1135        0.92        -0.31

1136        0.92        -0.31

1137        0.92        -0.31

1138        1.02        -0.31

1139        0.92        -0.31

1140        0.92        -0.31

1141        0.81        -0.31

1142        0.92        -0.31

1143        0.81        -0.31

1144        0.92        -0.31

1145        0.92        -0.31

1146        0.92        -0.31

1147        0.92        -0.32

1148        0.92        -0.32

1149        0.92        -0.32

1150        0.92        -0.32

1151        0.92        -0.32

1152        0.92        -0.32

1153        0.81        -0.32

1154        0.92        -0.32

1155        0.81        -0.32

1156        0.92        -0.32

1157        0.81        -0.32

1158        0.92        -0.32

1159        0.81        -0.32

1160        0.92        -0.32

1161        0.81        -0.32

1162        0.92        -0.32

1163        0.81        -0.32

1164        0.92        -0.32

1165        0.81        -0.32

1166        0.92        -0.32

1167        0.81        -0.32

1168        0.92        -0.32

1169        0.81        -0.32

1170        0.92        -0.32

1171        0.81        -0.32

1172        0.92        -0.32

1173        0.81        -0.32

1174        0.92        -0.32

1175        0.81        -0.32

1176        0.92        -0.32

1177        0.92        -0.32

1178        0.92        -0.33

1179        0.81        -0.33

1180        0.92        -0.33

1181        0.81        -0.33

1182        0.92        -0.33

1183        0.81        -0.33

1184        0.92        -0.33

1185        0.81        -0.33

1186        0.92        -0.33

1187        0.81        -0.33

1188        0.92        -0.33

1189        0.81        -0.33

1190        0.92        -0.33

1191        0.81        -0.33

1192        0.92        -0.33

1193        0.81        -0.33

1194        0.92        -0.33

1195        0.81        -0.33

1196        0.92        -0.33

1197        0.81        -0.33

1198        0.92        -0.33

1199        0.81        -0.33

1200        0.92        -0.33

1201        0.81        -0.33

1202        0.92        -0.33

1203        0.81        -0.34

1204        0.92        -0.34

1205        0.81        -0.34

1206        0.92        -0.34

1207        0.81        -0.34

1208        0.92        -0.34

1209        0.81        -0.34

1210        0.92        -0.34

1211        0.81        -0.34

1212        0.92        -0.34

1213        0.81        -0.34

1214        0.92        -0.34

1215        0.81        -0.34

1216        0.92        -0.34

1217        0.81        -0.34

1218        0.92        -0.34

1219        0.81        -0.34

1220        0.92        -0.34

1221        0.81        -0.34

1222        0.92        -0.34

1223        0.81        -0.34

1224        0.92        -0.34

1225        0.92        -0.34

1226        0.92        -0.34

1227        0.81        -0.34

1228        0.92        -0.34

1229        0.81        -0.35

1230        0.92        -0.35

1231        0.81        -0.35

1232        0.92        -0.35

1233        0.81        -0.35

1234        0.92        -0.35

1235        0.81        -0.35

1236        0.92        -0.35

1237        0.81        -0.35

1238        0.92        -0.35

1239        0.81        -0.35

1240        0.92        -0.35

1241        0.81        -0.35

1242        0.92        -0.35

1243        0.81        -0.35

1244        0.92        -0.35

1245        0.81        -0.35

1246        0.92        -0.35

1247        0.81        -0.35

1248        0.92        -0.35

1249        0.81        -0.35

1250        0.92        -0.35

1251        0.81        -0.35

1252        0.81        -0.35

1253        0.81        -0.35

1254        0.92        -0.35

1255        0.81        -0.35

1256        0.92        -0.35

1257        0.81        -0.36

1258        0.81        -0.36

1259        0.81        -0.36

1260        0.92        -0.36

1261        0.81        -0.36

1262        0.81        -0.36

1263        0.81        -0.36

1264        0.81        -0.36

1265        0.81        -0.36

1266        0.81        -0.36

1267        0.81        -0.36

1268        0.81        -0.36

1269        0.81        -0.36

1270        0.81        -0.36

1271        0.81        -0.36

1272        0.81        -0.36

1273        0.81        -0.36

1274        0.81        -0.36

1275        0.81        -0.36

1276        0.81        -0.36

1277        0.81        -0.36

1278        0.81        -0.36

1279        0.81        -0.37

1280        0.92        -0.37

1281        0.81        -0.37

1282        0.81        -0.37

1283        0.81        -0.37

1284        0.81        -0.37

1285        0.81        -0.37

1286        0.81        -0.37

1287        0.81        -0.37

1288        0.81        -0.37

1289        0.81        -0.37

1290        0.81        -0.37

1291        0.81        -0.37

1292        0.81        -0.37

1293        0.92        -0.37

1294        0.81        -0.37

1295        0.81        -0.37

1296        0.81        -0.37

1297        0.81        -0.37

1298        0.81        -0.37

1299        0.81        -0.37

1300        0.81        -0.37

1301        0.81        -0.37

1302        0.81        -0.37

1303        0.81        -0.37

1304        0.81        -0.37

1305        0.92        -0.37

1306        0.81        -0.37

1307        0.81        -0.37

1308        0.81        -0.37

1309        0.81        -0.37

1310        0.81        -0.37

1311        0.81        -0.37

1312        0.81        -0.37

1313        0.81        -0.37

1314        0.81        -0.38

1315        0.81        -0.38

1316        0.81        -0.38

1317        0.81        -0.38

1318        0.81        -0.38

1319        0.81        -0.38

1320        0.81        -0.38

1321        0.81        -0.38

1322        0.81        -0.38

1323        0.81        -0.38

1324        0.81        -0.38

1325        0.81        -0.38

1326        0.81        -0.38

1327        0.92        -0.38

1328        0.81        -0.38

1329        0.92        -0.38

1330        0.81        -0.38

1331        0.81        -0.38

1332        0.81        -0.38

1333        0.81        -0.38

1334        0.92        -0.38

1335        0.81        -0.38

1336        0.81        -0.38

1337        0.81        -0.38

1338        0.81        -0.38

1339        0.81        -0.38

1340        0.81        -0.38

1341        0.81        -0.38

1342        0.81        -0.38

1343        0.81        -0.38

1344        0.81        -0.38

1345        0.81        -0.38

1346        0.81        -0.38

1347        0.92        -0.38

1348        0.81        -0.38

1349        0.81        -0.38

1350        0.81        -0.38

1351        0.81        -0.38

1352        0.81        -0.38

1353        0.81        -0.38

1354        0.81        -0.38

1355        0.81        -0.38

1356        0.81        -0.38

1357        0.92        -0.38

1358        0.92        -0.38

1359        0.92        -0.38

1360        0.81        -0.38

1361        0.81        -0.38

1362        0.81        -0.38

1363        0.92        -0.38

1364        0.81        -0.38

1365        0.81        -0.38

1366        0.92        -0.38

1367        0.81        -0.38

1368        0.81        -0.38

1369        0.92        -0.38

1370        0.81        -0.38

1371        0.92        -0.38

1372        0.81        -0.38

1373        0.81        -0.38

1374        0.81        -0.38

1375        0.81        -0.38

1376        0.81        -0.38

1377        0.92        -0.38

1378        0.92        -0.38

1379        0.81        -0.38

1380        0.81        -0.38

1381        0.81        -0.38

1382        0.81        -0.38

1383        0.81        -0.38

1384        0.81        -0.38

1385        0.81        -0.38

1386        0.92        -0.38

1387        0.81        -0.38

1388        0.81        -0.38

1389        0.81        -0.38

1390        0.81        -0.38

1391        0.81        -0.38

1392        0.81        -0.38

1393        0.92        -0.38

1394        0.92        -0.38

1395        0.92        -0.38

1396        0.92        -0.38

1397        0.92        -0.38

1398        0.92        -0.38

1399        1.02        -0.38

1400        1.02        -0.38

1401        1.02        -0.38

1402        1.02        -0.38

1403        1.12        -0.38