1        1.02        0.00

2        0.81        0.00

3        1.02        0.00

4        0.81        0.00

5        1.02        0.00

6        0.81        0.00

7        1.02        0.00

8        0.81        0.00

9        1.02        0.00

10        0.81        0.00

11        1.02        0.00

12        0.81        0.00

13        1.02        0.00

14        0.81        0.00

15        1.02        0.00

16        0.81        0.00

17        1.02        0.00

18        0.81        0.00

19        1.02        0.00

20        0.81        0.00

21        1.02        0.00

22        0.92        0.00

23        1.02        0.00

24        0.81        0.00

25        1.02        0.00

26        0.81        0.00

27        1.02        0.00

28        0.81        0.00

29        1.02        0.00

30        0.81        0.00

31        1.02        0.00

32        0.81        0.00

33        1.02        0.00

34        0.81        0.00

35        1.02        0.00

36        0.81        0.00

37        1.02        0.00

38        0.81        0.00

39        1.02        0.00

40        0.92        0.00

41        1.02        0.00

42        0.81        0.00

43        1.02        0.00

44        0.81        0.00

45        1.02        0.00

46        0.81        0.00

47        1.02        0.00

48        0.81        0.00

49        1.02        0.00

50        0.81        0.00

51        1.02        0.00

52        0.81        0.00

53        1.02        0.00

54        0.81        0.00

55        1.02        0.00

56        0.81        0.00

57        1.02        -1.67E-4

58        0.81        -3.33E-4

59        1.02        -4.17E-4

60        0.81        -4.17E-4

61        1.02        -4.17E-4

62        0.81        -5.83E-4

63        1.02        -7.50E-4

64        0.81        -9.17E-4

65        1.02        0.00

66        0.81        0.00

67        1.02        0.00

68        0.92        0.00

69        1.02        0.00

70        0.81        0.00

71        1.02        0.00

72        0.81        0.00

73        1.02        0.00

74        0.81        0.00

75        1.02        0.00

76        0.81        0.00

77        1.02        0.00

78        0.81        0.00

79        1.02        0.00

80        0.81        0.00

81        1.02        0.00

82        0.81        -0.01

83        1.02        -0.01

84        0.81        -0.01

85        1.02        -0.01

86        0.81        -0.01

87        1.02        -0.01

88        0.81        -0.01

89        1.02        -0.01

90        0.92        -0.01

91        1.02        -0.01

92        0.81        -0.01

93        1.02        -0.01

94        0.92        -0.01

95        1.02        -0.01

96        0.92        -0.01

97        1.02        -0.01

98        0.81        -0.01

99        1.02        -0.01

100        0.92        -0.01

101        1.02        -0.01

102        0.81        -0.01

103        1.02        -0.01

104        0.81        -0.01

105        1.02        -0.01

106        0.81        -0.01

107        1.02        -0.01

108        0.81        -0.01

109        1.02        -0.01

110        0.81        -0.01

111        1.12        -0.01

112        0.92        -0.01

113        1.02        -0.01

114        0.92        -0.02

115        1.02        -0.02

116        0.92        -0.02

117        1.02        -0.02

118        0.81        -0.02

119        1.02        -0.02

120        0.92        -0.02

121        1.02        -0.02

122        0.81        -0.02

123        1.02        -0.02

124        0.81        -0.02

125        1.02        -0.02

126        0.92        -0.02

127        1.02        -0.02

128        0.81        -0.02

129        1.02        -0.02

130        0.92        -0.02

131        1.02        -0.02

132        0.92        -0.02

133        1.02        -0.02

134        0.81        -0.02

135        1.02        -0.02

136        0.92        -0.02

137        1.02        -0.02

138        0.92        -0.02

139        1.02        -0.02

140        0.81        -0.02

141        1.02        -0.02

142        0.92        -0.02

143        1.02        -0.02

144        0.92        -0.03

145        1.02        -0.03

146        0.81        -0.03

147        1.02        -0.03

148        0.92        -0.03

149        1.02        -0.03

150        0.92        -0.03

151        1.02        -0.03

152        0.92        -0.03

153        1.02        -0.03

154        0.92        -0.03

155        1.02        -0.03

156        0.81        -0.03

157        1.02        -0.03

158        0.92        -0.03

159        1.02        -0.03

160        0.92        -0.03

161        1.02        -0.03

162        0.92        -0.03

163        1.12        -0.03

164        0.92        -0.03

165        1.02        -0.03

166        0.92        -0.03

167        1.02        -0.04

168        0.81        -0.04

169        1.02        -0.04

170        0.92        -0.04

171        1.12        -0.04

172        0.92        -0.04

173        1.02        -0.04

174        0.92        -0.04

175        1.02        -0.04

176        0.92        -0.04

177        1.02        -0.04

178        0.92        -0.04

179        1.02        -0.04

180        0.92        -0.04

181        1.02        -0.04

182        0.92        -0.04

183        1.02        -0.04

184        0.92        -0.04

185        1.02        -0.05

186        0.92        -0.05

187        1.02        -0.05

188        0.92        -0.05

189        1.02        -0.05

190        0.92        -0.05

191        1.12        -0.05

192        0.92        -0.05

193        1.02        -0.05

194        0.92        -0.05

195        1.02        -0.05

196        0.92        -0.05

197        1.02        -0.05

198        0.92        -0.05

199        1.02        -0.05

200        0.92        -0.05

201        1.02        -0.05

202        0.92        -0.05

203        1.02        -0.05

204        0.92        -0.05

205        1.02        -0.05

206        0.92        -0.06

207        1.02        -0.06

208        0.92        -0.06

209        1.02        -0.06

210        0.92        -0.06

211        1.02        -0.06

212        0.92        -0.06

213        1.02        -0.06

214        0.92        -0.06

215        1.02        -0.06

216        0.92        -0.06

217        1.02        -0.06

218        0.92        -0.06

219        1.02        -0.06

220        0.92        -0.06

221        1.02        -0.06

222        0.92        -0.06

223        1.02        -0.06

224        0.92        -0.06

225        1.02        -0.06

226        0.92        -0.06

227        1.02        -0.06

228        0.92        -0.06

229        1.12        -0.06

230        0.92        -0.06

231        1.02        -0.06

232        0.92        -0.06

233        1.02        -0.07

234        0.92        -0.07

235        1.02        -0.07

236        0.92        -0.07

237        1.02        -0.07

238        0.92        -0.07

239        1.12        -0.07

240        0.92        -0.07

241        1.12        -0.07

242        1.02        -0.07

243        1.12        -0.07

244        0.92        -0.07

245        1.12        -0.07

246        0.92        -0.07

247        1.02        -0.07

248        0.92        -0.07

249        1.02        -0.07

250        0.92        -0.07

251        1.02        -0.07

252        0.92        -0.07

253        1.12        -0.07

254        0.92        -0.07

255        1.12        -0.07

256        0.92        -0.07

257        1.12        -0.07

258        0.92        -0.07

259        1.12        -0.07

260        0.92        -0.07

261        1.02        -0.07

262        0.92        -0.08

263        1.02        -0.08

264        0.92        -0.08

265        1.02        -0.08

266        0.92        -0.08

267        1.12        -0.08

268        0.92        -0.08

269        1.12        -0.08

270        1.02        -0.08

271        1.02        -0.08

272        0.92        -0.08

273        1.02        -0.08

274        0.92        -0.08

275        1.12        -0.08

276        0.92        -0.08

277        1.02        -0.08

278        0.92        -0.08

279        1.12        -0.08

280        0.92        -0.08

281        1.02        -0.08

282        0.92        -0.09

283        1.02        -0.09

284        0.92        -0.09

285        1.12        -0.09

286        0.92        -0.09

287        1.02        -0.09

288        0.92        -0.09

289        1.02        -0.09

290        0.92        -0.09

291        1.02        -0.09

292        0.92        -0.09

293        1.02        -0.09

294        0.92        -0.09

295        1.02        -0.09

296        0.92        -0.09

297        1.02        -0.09

298        0.92        -0.09

299        1.02        -0.09

300        0.92        -0.09

301        1.02        -0.10

302        0.92        -0.10

303        1.02        -0.10

304        0.92        -0.10

305        1.02        -0.10

306        0.92        -0.10

307        1.12        -0.10

308        0.92        -0.10

309        1.02        -0.10

310        0.92        -0.10

311        1.02        -0.10

312        0.92        -0.10

313        1.02        -0.10

314        0.92        -0.10

315        1.12        -0.10

316        0.92        -0.10

317        1.12        -0.10

318        0.92        -0.10

319        1.12        -0.10

320        0.92        -0.10

321        1.02        -0.11

322        0.92        -0.11

323        1.12        -0.11

324        1.02        -0.11

325        1.12        -0.11

326        1.02        -0.11

327        1.12        -0.11

328        1.02        -0.11

329        1.02        -0.11

330        0.92        -0.11

331        1.02        -0.11

332        1.02        -0.11

333        1.12        -0.11

334        1.02        -0.11

335        1.22        -0.11

336        1.02        -0.11

337        1.12        -0.11

338        1.02        -0.11

339        1.12        -0.11

340        0.92        -0.11

341        1.02        -0.11

342        0.92        -0.12

343        1.02        -0.12

344        1.02        -0.12

345        1.12        -0.12

346        1.02        -0.12

347        1.12        -0.12

348        1.02        -0.12

349        1.12        -0.12

350        0.92        -0.12

351        1.02        -0.12

352        0.92        -0.12

353        1.02        -0.12

354        0.92        -0.12

355        1.12        -0.12

356        0.92        -0.12

357        1.02        -0.12

358        0.92        -0.12

359        1.02        -0.12

360        0.92        -0.12

361        1.02        -0.13

362        0.92        -0.13

363        1.02        -0.13

364        0.92        -0.13

365        1.02        -0.13

366        0.92        -0.13

367        1.02        -0.13

368        0.92        -0.13

369        1.02        -0.13

370        0.92        -0.13

371        1.02        -0.13

372        0.92        -0.13

373        1.02        -0.13

374        0.92        -0.13

375        1.02        -0.13

376        0.92        -0.13

377        1.02        -0.13

378        0.92        -0.13

379        1.02        -0.13

380        0.92        -0.13

381        1.12        -0.13

382        0.92        -0.14

383        1.12        -0.14

384        0.92        -0.14

385        1.12        -0.14

386        1.02        -0.14

387        1.12        -0.14

388        1.02        -0.14

389        1.12        -0.14

390        1.02        -0.14

391        1.12        -0.14

392        0.92        -0.14

393        1.12        -0.14

394        1.02        -0.14

395        1.12        -0.14

396        1.12        -0.14

397        1.32        -0.14

398        1.12        -0.14

399        1.32        -0.14

400        1.12        -0.14

401        1.12        -0.14

402        1.02        -0.14

403        1.12        -0.15

404        1.02        -0.15

405        1.12        -0.15

406        1.12        -0.15

407        1.32        -0.15

408        1.32        -0.15

409        1.32        -0.15

410        1.12        -0.15

411        1.22        -0.15

412        1.02        -0.15

413        1.12        -0.15

414        1.12        -0.15

415        1.32        -0.15

416        1.22        -0.15

417        1.32        -0.15

418        1.22        -0.15

419        1.22        -0.15

420        1.02        -0.15

421        1.12        -0.16

422        1.02        -0.16

423        1.22        -0.16

424        1.12        -0.16

425        1.32        -0.16

426        1.12        -0.16

427        1.22        -0.16

428        1.12        -0.16

429        1.12        -0.16

430        1.02        -0.16

431        1.12        -0.16

432        0.92        -0.16

433        1.12        -0.16

434        1.02        -0.16

435        1.12        -0.16

436        1.02        -0.16

437        1.12        -0.16

438        1.02        -0.16

439        1.12        -0.16

440        0.92        -0.16

441        1.12        -0.16

442        0.92        -0.16

443        1.12        -0.17

444        0.92        -0.17

445        1.02        -0.17

446        0.92        -0.17

447        1.02        -0.17

448        0.92        -0.17

449        1.12        -0.17

450        0.92        -0.17

451        1.12        -0.17

452        0.92        -0.17

453        1.12        -0.17

454        0.92        -0.17

455        1.12        -0.17

456        1.02        -0.17

457        1.22        -0.17

458        1.12        -0.17

459        1.22        -0.17

460        1.12        -0.17

461        1.22        -0.17

462        1.02        -0.17

463        1.12        -0.17

464        1.02        -0.18

465        1.32        -0.18

466        1.32        -0.18

467        1.53        -0.18

468        1.53        -0.18

469        1.73        -0.18

470        1.63        -0.18

471        1.73        -0.18

472        1.42        -0.18

473        1.42        -0.18

474        1.22        -0.18

475        1.32        -0.18

476        1.32        -0.18

477        1.73        -0.18

478        2.04        -0.18

479        2.54        -0.18

480        2.65        -0.18

481        2.85        -0.18

482        2.54        -0.18

483        2.44        -0.18

484        1.93        -0.18

485        1.73        -0.18

486        1.42        -0.18

487        1.63        -0.18

488        1.83        -0.19

489        2.44        -0.19

490        3.05        -0.19

491        3.77        -0.19

492        4.17        -0.19

493        4.38        -0.19

494        3.97        -0.19

495        3.46        -0.19

496        2.65        -0.19

497        2.04        -0.19

498        1.63        -0.19

499        1.93        -0.19

500        2.44        -0.19

501        3.56        -0.19

502        4.58        -0.19

503        5.60        -0.19

504        6.01        -0.19

505        6.11        -0.19

506        5.39        -0.19

507        4.58        -0.19

508        3.36        -0.19

509        2.54        -0.19

510        1.93        -0.19

511        2.14        -0.19

512        2.85        -0.20

513        4.17        -0.20

514        5.60        -0.20

515        6.92        -0.20

516        7.63        -0.20

517        8.04        -0.20

518        7.53        -0.20

519        6.62        -0.20

520        5.19        -0.20

521        3.77        -0.20

522        2.54        -0.20

523        2.34        -0.20

524        2.54        -0.20

525        3.77        -0.20

526        5.29        -0.20

527        7.12        -0.20

528        8.45        -0.20

529        9.26        -0.20

530        9.16        -0.20

531        8.45        -0.20

532        6.82        -0.20

533        5.19        -0.20

534        3.56        -0.20

535        2.65        -0.20

536        2.24        -0.20

537        2.85        -0.21

538        3.77        -0.21

539        5.39        -0.21

540        6.82        -0.21

541        8.35        -0.21

542        9.26        -0.21

543        9.77        -0.21

544        9.36        -0.21

545        8.45        -0.21

546        6.72        -0.21

547        4.99        -0.21

548        3.26        -0.21

549        2.54        -0.21

550        2.54        -0.21

551        3.87        -0.21

552        5.60        -0.21

553        7.53        -0.21

554        8.85        -0.21

555        9.47        -0.21

556        8.85        -0.21

557        7.74        -0.21

558        6.01        -0.21

559        4.38        -0.21

560        2.85        -0.21

561        2.34        -0.21

562        2.34        -0.21

563        3.26        -0.21

564        4.38        -0.22

565        5.70        -0.22

566        6.82        -0.22

567        7.84        -0.22

568        8.24        -0.22

569        8.35        -0.22

570        7.84        -0.22

571        7.02        -0.22

572        5.80        -0.22

573        4.78        -0.22

574        3.56        -0.22

575        2.85        -0.22

576        2.04        -0.22

577        1.93        -0.22

578        1.93        -0.22

579        2.54        -0.22

580        3.26        -0.22

581        4.27        -0.22

582        5.09        -0.22

583        6.01        -0.22

584        6.31        -0.22

585        6.41        -0.22

586        5.80        -0.22

587        4.99        -0.22

588        3.87        -0.22

589        2.95        -0.22

590        2.04        -0.22

591        1.73        -0.22

592        1.73        -0.22

593        2.24        -0.22

594        2.85        -0.23

595        3.66        -0.23

596        4.07        -0.23

597        4.48        -0.23

598        4.48        -0.23

599        4.27        -0.23

600        3.66        -0.23

601        3.16        -0.23

602        2.44        -0.23

603        2.04        -0.23

604        1.53        -0.23

605        1.42        -0.23

606        1.32        -0.23

607        1.63        -0.23

608        1.83        -0.23

609        2.14        -0.23

610        2.44        -0.23

611        2.75        -0.23

612        2.75        -0.23

613        2.95        -0.23

614        2.75        -0.23

615        2.65        -0.23

616        2.24        -0.23

617        2.04        -0.23

618        1.63        -0.23

619        1.42        -0.23

620        1.22        -0.23

621        1.22        -0.23

622        1.12        -0.23

623        1.32        -0.23

624        1.32        -0.24

625        1.53        -0.24

626        1.53        -0.24

627        1.73        -0.24

628        1.63        -0.24

629        1.63        -0.24

630        1.53        -0.24

631        1.53        -0.24

632        1.22        -0.24

633        1.22        -0.24

634        1.02        -0.24

635        1.12        -0.24

636        1.02        -0.24

637        1.12        -0.24

638        1.02        -0.24

639        1.12        -0.24

640        1.12        -0.24

641        1.12        -0.24

642        1.12        -0.24

643        1.22        -0.24

644        1.12        -0.24

645        1.12        -0.24

646        1.02        -0.24

647        1.12        -0.24

648        1.02        -0.24

649        1.12        -0.24

650        0.92        -0.24

651        1.02        -0.24

652        0.92        -0.24

653        1.02        -0.24

654        0.92        -0.25

655        1.02        -0.25

656        0.92        -0.25

657        1.02        -0.25

658        0.92        -0.25

659        1.02        -0.25

660        0.92        -0.25

661        1.02        -0.25

662        0.92        -0.25

663        1.02        -0.25

664        0.92        -0.25

665        1.02        -0.25

666        0.92        -0.25

667        1.12        -0.25

668        1.02        -0.25

669        1.12        -0.25

670        1.02        -0.25

671        1.12        -0.25

672        1.02        -0.25

673        1.12        -0.25

674        1.02        -0.25

675        1.02        -0.25

676        0.92        -0.25

677        1.02        -0.25

678        1.02        -0.25

679        1.12        -0.25

680        1.12        -0.26

681        1.22        -0.26

682        1.22        -0.26

683        1.22        -0.26

684        1.12        -0.26

685        1.22        -0.26

686        1.02        -0.26

687        1.12        -0.26

688        0.92        -0.26

689        1.02        -0.26

690        1.02        -0.26

691        1.12        -0.26

692        1.12        -0.26

693        1.22        -0.26

694        1.22        -0.26

695        1.32        -0.26

696        1.22        -0.26

697        1.22        -0.26

698        1.12        -0.26

699        1.12        -0.26

700        1.02        -0.26

701        1.12        -0.26

702        1.02        -0.26

703        1.12        -0.26

704        1.02        -0.26

705        1.22        -0.27

706        1.12        -0.27

707        1.22        -0.27

708        1.22        -0.27

709        1.22        -0.27

710        1.12        -0.27

711        1.12        -0.27

712        1.02        -0.27

713        1.12        -0.27

714        1.02        -0.27

715        1.12        -0.27

716        1.12        -0.27

717        1.12        -0.27

718        1.12        -0.27

719        1.22        -0.27

720        1.02        -0.27

721        1.12        -0.27

722        0.92        -0.27

723        1.12        -0.27

724        1.02        -0.28

725        1.12        -0.28

726        1.02        -0.28

727        1.12        -0.28

728        1.02        -0.28

729        1.12        -0.28

730        0.92        -0.28

731        1.02        -0.28

732        1.02        -0.28

733        1.02        -0.28

734        1.02        -0.28

735        1.02        -0.28

736        1.02        -0.28

737        1.02        -0.28

738        0.92        -0.28

739        1.12        -0.28

740        0.92        -0.28

741        1.02        -0.29

742        1.02        -0.29

743        1.02        -0.29

744        1.02        -0.29

745        1.12        -0.29

746        0.92        -0.29

747        1.02        -0.29

748        1.02        -0.29

749        1.12        -0.29

750        1.02        -0.29

751        1.12        -0.29

752        1.02        -0.29

753        1.12        -0.29

754        1.02        -0.29

755        1.12        -0.29

756        1.02        -0.29

757        1.12        -0.29

758        1.02        -0.29

759        1.12        -0.29

760        1.02        -0.29

761        1.12        -0.29

762        1.02        -0.29

763        1.12        -0.29

764        1.02        -0.30

765        1.12        -0.30

766        1.02        -0.30

767        1.12        -0.30

768        1.02        -0.30

769        1.12        -0.30

770        1.02        -0.30

771        1.12        -0.30

772        1.02        -0.30

773        1.12        -0.30

774        1.02        -0.30

775        1.12        -0.30

776        1.02        -0.30

777        1.12        -0.30

778        1.02        -0.30

779        1.12        -0.30

780        1.02        -0.30

781        1.12        -0.30

782        1.02        -0.30

783        1.12        -0.30

784        1.02        -0.30

785        1.12        -0.30

786        1.02        -0.30

787        1.12        -0.30

788        1.02        -0.31

789        1.12        -0.31

790        1.02        -0.31

791        1.12        -0.31

792        1.02        -0.31

793        1.12        -0.31

794        1.02        -0.31

795        1.12        -0.31

796        1.02        -0.31

797        1.12        -0.31

798        1.02        -0.31

799        1.12        -0.31

800        1.02        -0.31

801        1.12        -0.31

802        1.02        -0.31

803        1.12        -0.31

804        1.02        -0.31

805        1.12        -0.31

806        1.02        -0.31

807        1.12        -0.31

808        1.02        -0.31

809        1.12        -0.31

810        1.02        -0.32

811        1.12        -0.32

812        1.02        -0.32

813        1.12        -0.32

814        1.02        -0.32

815        1.12        -0.32

816        1.12        -0.32

817        1.12        -0.32

818        1.02        -0.32

819        1.12        -0.32

820        1.02        -0.32

821        1.12        -0.32

822        1.02        -0.32

823        1.12        -0.32

824        1.02        -0.32

825        1.12        -0.32

826        1.02        -0.32

827        1.12        -0.32

828        1.02        -0.32

829        1.12        -0.32

830        1.02        -0.32

831        1.12        -0.33

832        1.02        -0.33

833        1.12        -0.33

834        1.02        -0.33

835        1.12        -0.33

836        1.02        -0.33

837        1.12        -0.33

838        1.02        -0.33

839        1.12        -0.33

840        1.12        -0.33

841        1.12        -0.33

842        1.02        -0.33

843        1.12        -0.33

844        1.12        -0.33

845        1.12        -0.33

846        1.12        -0.33

847        1.12        -0.33

848        1.12        -0.33

849        1.12        -0.33

850        1.12        -0.33

851        1.12        -0.33

852        1.12        -0.33

853        1.12        -0.33

854        1.12        -0.34

855        1.12        -0.34

856        1.12        -0.34

857        1.12        -0.34

858        1.12        -0.34

859        1.12        -0.34

860        1.12        -0.34

861        1.12        -0.34

862        1.12        -0.34

863        1.12        -0.34

864        1.12        -0.34

865        1.12        -0.34

866        1.12        -0.34

867        1.12        -0.34

868        1.12        -0.34

869        1.12        -0.34

870        1.12        -0.34

871        1.12        -0.34

872        1.12        -0.34

873        1.12        -0.34

874        1.12        -0.34

875        1.12        -0.34

876        1.12        -0.34

877        1.22        -0.34

878        1.12        -0.34

879        1.12        -0.34

880        1.12        -0.35

881        1.22        -0.35

882        1.12        -0.35

883        1.22        -0.35

884        1.12        -0.35

885        1.12        -0.35

886        1.12        -0.35

887        1.22        -0.35

888        1.12        -0.35

889        1.22        -0.35

890        1.12        -0.35

891        1.22        -0.35

892        1.12        -0.35

893        1.22        -0.35

894        1.12        -0.35

895        1.22        -0.35

896        1.12        -0.35

897        1.12        -0.35

898        1.12        -0.35

899        1.22        -0.35

900        1.12        -0.35

901        1.22        -0.35

902        1.12        -0.35

903        1.22        -0.35

904        1.12        -0.35

905        1.22        -0.35

906        1.12        -0.35

907        1.22        -0.36

908        1.12        -0.36

909        1.22        -0.36

910        1.12        -0.36

911        1.22        -0.36

912        1.12        -0.36

913        1.22        -0.36

914        1.12        -0.36

915        1.22        -0.36

916        1.12        -0.36

917        1.22        -0.36

918        1.12        -0.36

919        1.22        -0.36

920        1.12        -0.36

921        1.22        -0.36

922        1.12        -0.36

923        1.22        -0.36

924        1.12        -0.36

925        1.22        -0.36

926        1.12        -0.36

927        1.22        -0.37

928        1.22        -0.37

929        1.22        -0.37

930        1.12        -0.37

931        1.22        -0.37

932        1.22        -0.37

933        1.22        -0.37

934        1.22        -0.37

935        1.22        -0.37

936        1.12        -0.37

937        1.22        -0.37

938        1.22        -0.37

939        1.22        -0.37

940        1.12        -0.37

941        1.22        -0.37

942        1.22        -0.37

943        1.22        -0.37

944        1.22        -0.37

945        1.22        -0.37

946        1.22        -0.38

947        1.22        -0.38

948        1.22        -0.38

949        1.22        -0.38

950        1.22        -0.38

951        1.22        -0.38

952        1.22        -0.38

953        1.32        -0.38

954        1.22        -0.38

955        1.32        -0.38

956        1.22        -0.38

957        1.32        -0.38

958        1.22        -0.38

959        1.32        -0.38

960        1.22        -0.38

961        1.22        -0.38

962        1.22        -0.38

963        1.32        -0.38

964        1.22        -0.38

965        1.22        -0.38

966        1.22        -0.38

967        1.22        -0.38

968        1.22        -0.38

969        1.32        -0.38

970        1.22        -0.38

971        1.22        -0.38

972        1.22        -0.38

973        1.32        -0.38

974        1.22        -0.38

975        1.22        -0.38

976        1.22        -0.38

977        1.32        -0.38

978        1.22        -0.38

979        1.22        -0.38

980        1.22        -0.38

981        1.22        -0.38

982        1.22        -0.38

983        1.22        -0.38

984        1.22        -0.38

985        1.32        -0.38

986        1.22        -0.38

987        1.32        -0.38

988        1.22        -0.38

989        1.22        -0.38

990        1.22        -0.38

991        1.22        -0.38

992        1.22        -0.38

993        1.22        -0.38

994        1.22        -0.38

995        1.22        -0.38

996        1.22        -0.38

997        1.22        -0.38

998        1.22        -0.38

999        1.32        -0.38

1000        1.22        -0.38

1001        1.22        -0.38

1002        1.22        -0.38

1003        1.22        -0.38

1004        1.22        -0.38

1005        1.22        -0.38

1006        1.22        -0.38

1007        1.22        -0.38

1008        1.22        -0.38

1009        1.22        -0.38

1010        1.22        -0.38

1011        1.22        -0.38

1012        1.12        -0.38

1013        1.12        -0.38

1014        1.12        -0.38

1015        1.12        -0.38

1016        1.12        -0.38

1017        1.12        -0.38

1018        1.12        -0.38

1019        1.12        -0.38

1020        1.12        -0.38