1        1.53        0.00

2        1.42        0.00

3        1.53        0.00

4        1.42        0.00

5        1.53        0.00

6        1.42        0.00

7        1.53        0.00

8        1.42        0.00

9        1.53        0.00

10        1.32        0.00

11        1.53        0.00

12        1.42        0.00

13        1.53        0.00

14        1.42        0.00

15        1.53        0.00

16        1.42        0.00

17        1.53        0.00

18        1.42        0.00

19        1.53        0.00

20        1.42        0.00

21        1.53        0.00

22        1.42        0.00

23        1.53        0.00

24        1.32        0.00

25        1.53        0.00

26        1.32        0.00

27        1.53        0.00

28        1.42        0.00

29        1.53        0.00

30        1.32        0.00

31        1.53        0.00

32        1.42        0.00

33        1.53        0.00

34        1.42        0.00

35        1.53        0.00

36        1.32        0.00

37        1.53        0.00

38        1.42        0.00

39        1.53        0.00

40        1.32        0.00

41        1.53        0.00

42        1.42        0.00

43        1.53        0.00

44        1.42        0.00

45        1.53        0.00

46        1.32        0.00

47        1.53        0.00

48        1.32        0.00

49        1.53        0.00

50        1.42        0.00

51        1.53        0.00

52        1.32        0.00

53        1.53        0.00

54        1.32        0.00

55        1.53        0.00

56        1.32        0.00

57        1.53        0.00

58        1.42        0.00

59        1.53        0.00

60        1.32        0.00

61        1.53        0.00

62        1.32        0.00

63        1.53        0.00

64        1.42        0.00

65        1.53        0.00

66        1.32        0.00

67        1.53        0.00

68        1.32        0.00

69        1.53        0.00

70        1.32        0.00

71        1.53        0.00

72        1.42        0.00

73        1.53        0.00

74        1.42        0.00

75        1.53        0.00

76        1.42        0.00

77        1.53        0.00

78        1.32        0.00

79        1.53        0.00

80        1.42        0.00

81        1.53        0.00

82        1.32        0.00

83        1.53        0.00

84        1.32        0.00

85        1.53        0.00

86        1.32        0.00

87        1.53        0.00

88        1.42        0.00

89        1.53        0.00

90        1.32        0.00

91        1.53        0.00

92        1.32        0.00

93        1.53        0.00

94        1.42        0.00

95        1.53        0.00

96        1.32        0.00

97        1.53        0.00

98        1.32        0.00

99        1.53        0.00

100        1.32        0.00

101        1.53        0.00

102        1.32        0.00

103        1.53        0.00

104        1.32        0.00

105        1.53        0.00

106        1.42        0.00

107        1.53        0.00

108        1.32        0.00

109        1.53        0.00

110        1.32        0.00

111        1.53        0.00

112        1.42        0.00

113        1.53        0.00

114        1.42        0.00

115        1.53        0.00

116        1.32        0.00

117        1.53        0.00

118        1.32        0.00

119        1.53        0.00

120        1.32        0.00

121        1.53        0.00

122        1.32        0.00

123        1.53        0.00

124        1.42        0.00

125        1.53        0.00

126        1.32        0.00

127        1.53        0.00

128        1.32        0.00

129        1.53        0.00

130        1.32        0.00

131        1.53        0.00

132        1.32        0.00

133        1.53        0.00

134        1.32        0.00

135        1.53        0.00

136        1.32        0.00

137        1.53        0.00

138        1.32        0.00

139        1.53        0.00

140        1.42        0.00

141        1.53        0.00

142        1.32        0.00

143        1.53        0.00

144        1.32        0.00

145        1.53        0.00

146        1.32        0.00

147        1.53        0.00

148        1.42        0.00

149        1.53        0.00

150        1.42        0.00

151        1.53        0.00

152        1.32        0.00

153        1.53        0.00

154        1.32        0.00

155        1.53        0.00

156        1.32        0.00

157        1.53        0.00

158        1.32        0.00

159        1.53        0.00

160        1.32        0.00

161        1.53        0.00

162        1.32        0.00

163        1.53        0.00

164        1.32        0.00

165        1.53        0.00

166        1.32        0.00

167        1.53        0.00

168        1.32        0.00

169        1.53        0.00

170        1.32        0.00

171        1.53        0.00

172        1.32        0.00

173        1.53        0.00

174        1.32        0.00

175        1.53        0.00

176        1.42        0.00

177        1.53        0.00

178        1.32        0.00

179        1.53        -8.33E-5

180        1.32        -2.50E-4

181        1.53        -4.17E-4

182        1.32        -7.50E-4

183        1.42        0.00

184        1.32        0.00

185        1.42        0.00

186        1.32        0.00

187        1.42        0.00

188        1.32        0.00

189        1.42        0.00

190        1.32        0.00

191        1.53        0.00

192        1.32        0.00

193        1.53        -0.01

194        1.32        -0.01

195        1.53        -0.01

196        1.32        -0.01

197        1.42        -0.01

198        1.32        -0.01

199        1.42        -0.01

200        1.32        -0.01

201        1.42        -0.01

202        1.32        -0.01

203        1.53        -0.01

204        1.32        -0.01

205        1.53        -0.01

206        1.32        -0.01

207        1.42        -0.01

208        1.32        -0.01

209        1.42        -0.01

210        1.32        -0.01

211        1.53        -0.01

212        1.32        -0.01

213        1.53        -0.01

214        1.32        -0.01

215        1.53        -0.01

216        1.32        -0.01

217        1.53        -0.02

218        1.32        -0.02

219        1.53        -0.02

220        1.32        -0.02

221        1.42        -0.02

222        1.32        -0.02

223        1.42        -0.02

224        1.32        -0.02

225        1.53        -0.02

226        1.32        -0.02

227        1.53        -0.02

228        1.32        -0.02

229        1.53        -0.02

230        1.32        -0.02

231        1.53        -0.02

232        1.32        -0.02

233        1.53        -0.02

234        1.32        -0.02

235        1.53        -0.02

236        1.32        -0.02

237        1.53        -0.02

238        1.32        -0.02

239        1.42        -0.02

240        1.32        -0.02

241        1.42        -0.02

242        1.32        -0.02

243        1.42        -0.02

244        1.32        -0.02

245        1.42        -0.02

246        1.32        -0.02

247        1.42        -0.02

248        1.32        -0.02

249        1.42        -0.02

250        1.32        -0.02

251        1.42        -0.02

252        1.32        -0.02

253        1.53        -0.02

254        1.32        -0.02

255        1.42        -0.02

256        1.32        -0.02

257        1.53        -0.02

258        1.32        -0.02

259        1.53        -0.02

260        1.32        -0.02

261        1.53        -0.02

262        1.32        -0.02

263        1.42        -0.02

264        1.32        -0.03

265        1.42        -0.03

266        1.32        -0.03

267        1.42        -0.03

268        1.22        -0.03

269        1.42        -0.03

270        1.32        -0.03

271        1.42        -0.03

272        1.32        -0.03

273        1.53        -0.03

274        1.32        -0.03

275        1.53        -0.03

276        1.32        -0.03

277        1.53        -0.03

278        1.32        -0.03

279        1.42        -0.03

280        1.32        -0.03

281        1.42        -0.03

282        1.22        -0.03

283        1.42        -0.03

284        1.32        -0.03

285        1.42        -0.03

286        1.32        -0.03

287        1.53        -0.03

288        1.42        -0.03

289        1.53        -0.03

290        1.32        -0.03

291        1.53        -0.03

292        1.32        -0.04

293        1.42        -0.04

294        1.32        -0.04

295        1.42        -0.04

296        1.22        -0.04

297        1.42        -0.04

298        1.32        -0.04

299        1.42        -0.04

300        1.32        -0.04

301        1.53        -0.04

302        1.32        -0.04

303        1.53        -0.04

304        1.32        -0.04

305        1.53        -0.04

306        1.32        -0.04

307        1.53        -0.04

308        1.32        -0.04

309        1.42        -0.04

310        1.32        -0.04

311        1.42        -0.04

312        1.32        -0.04

313        1.42        -0.04

314        1.32        -0.04

315        1.53        -0.04

316        1.32        -0.04

317        1.53        -0.04

318        1.32        -0.04

319        1.53        -0.04

320        1.32        -0.04

321        1.42        -0.04

322        1.32        -0.04

323        1.42        -0.05

324        1.22        -0.05

325        1.42        -0.05

326        1.22        -0.05

327        1.32        -0.05

328        1.22        -0.05

329        1.32        -0.05

330        1.22        -0.05

331        1.42        -0.05

332        1.22        -0.05

333        1.42        -0.05

334        1.22        -0.05

335        1.42        -0.05

336        1.22        -0.05

337        1.42        -0.05

338        1.22        -0.05

339        1.42        -0.05

340        1.22        -0.05

341        1.32        -0.05

342        1.22        -0.05

343        1.32        -0.05

344        1.12        -0.05

345        1.32        -0.05

346        1.12        -0.05

347        1.32        -0.05

348        1.22        -0.05

349        1.32        -0.05

350        1.22        -0.05

351        1.32        -0.05

352        1.22        -0.05

353        1.32        -0.05

354        1.22        -0.05

355        1.42        -0.06

356        1.22        -0.06

357        1.32        -0.06

358        1.22        -0.06

359        1.32        -0.06

360        1.12        -0.06

361        1.32        -0.06

362        1.12        -0.06

363        1.32        -0.06

364        1.22        -0.06

365        1.42        -0.06

366        1.22        -0.06

367        1.42        -0.06

368        1.32        -0.06

369        1.42        -0.06

370        1.32        -0.06

371        1.42        -0.06

372        1.32        -0.06

373        1.42        -0.06

374        1.22        -0.06

375        1.32        -0.06

376        1.22        -0.06

377        1.32        -0.06

378        1.12        -0.06

379        1.32        -0.06

380        1.22        -0.06

381        1.42        -0.06

382        1.22        -0.06

383        1.42        -0.06

384        1.32        -0.06

385        1.42        -0.06

386        1.32        -0.06

387        1.53        -0.06

388        1.32        -0.06

389        1.42        -0.06

390        1.32        -0.07

391        1.42        -0.07

392        1.22        -0.07

393        1.32        -0.07

394        1.22        -0.07

395        1.32        -0.07

396        1.22        -0.07

397        1.32        -0.07

398        1.22        -0.07

399        1.32        -0.07

400        1.22        -0.07

401        1.32        -0.07

402        1.22        -0.07

403        1.42        -0.07

404        1.22        -0.07

405        1.42        -0.07

406        1.22        -0.07

407        1.42        -0.07

408        1.22        -0.07

409        1.42        -0.07

410        1.22        -0.07

411        1.42        -0.07

412        1.22        -0.07

413        1.42        -0.07

414        1.22        -0.07

415        1.42        -0.07

416        1.22        -0.07

417        1.42        -0.07

418        1.22        -0.07

419        1.42        -0.07

420        1.22        -0.07

421        1.42        -0.07

422        1.22        -0.07

423        1.42        -0.07

424        1.22        -0.07

425        1.42        -0.07

426        1.32        -0.07

427        1.42        -0.07

428        1.32        -0.07

429        1.53        -0.07

430        1.32        -0.07

431        1.53        -0.07

432        1.32        -0.07

433        1.53        -0.07

434        1.42        -0.08

435        1.53        -0.08

436        1.32        -0.08

437        1.53        -0.08

438        1.32        -0.08

439        1.42        -0.08

440        1.32        -0.08

441        1.42        -0.08

442        1.32        -0.08

443        1.42        -0.08

444        1.32        -0.08

445        1.53        -0.08

446        1.32        -0.08

447        1.53        -0.08

448        1.42        -0.08

449        1.63        -0.08

450        1.42        -0.08

451        1.63        -0.08

452        1.53        -0.08

453        1.63        -0.08

454        1.42        -0.08

455        1.53        -0.08

456        1.42        -0.08

457        1.53        -0.08

458        1.32        -0.08

459        1.53        -0.08

460        1.32        -0.08

461        1.42        -0.08

462        1.32        -0.08

463        1.42        -0.08

464        1.32        -0.08

465        1.42        -0.08

466        1.32        -0.08

467        1.53        -0.08

468        1.32        -0.08

469        1.53        -0.08

470        1.42        -0.08

471        1.53        -0.08

472        1.42        -0.08

473        1.53        -0.08

474        1.42        -0.09

475        1.53        -0.09

476        1.42        -0.09

477        1.53        -0.09

478        1.32        -0.09

479        1.53        -0.09

480        1.42        -0.09

481        1.53        -0.09

482        1.32        -0.09

483        1.53        -0.09

484        1.42        -0.09

485        1.53        -0.09

486        1.42        -0.09

487        1.63        -0.09

488        1.53        -0.09

489        1.73        -0.09

490        1.53        -0.09

491        1.63        -0.09

492        1.53        -0.09

493        1.63        -0.09

494        1.42        -0.09

495        1.53        -0.09

496        1.42        -0.09

497        1.53        -0.09

498        1.42        -0.09

499        1.53        -0.09

500        1.42        -0.09

501        1.63        -0.09

502        1.42        -0.09

503        1.63        -0.09

504        1.53        -0.09

505        1.73        -0.09

506        1.63        -0.09

507        1.73        -0.09

508        1.63        -0.09

509        1.73        -0.09

510        1.63        -0.10

511        1.73        -0.10

512        1.53        -0.10

513        1.63        -0.10

514        1.42        -0.10

515        1.53        -0.10

516        1.42        -0.10

517        1.53        -0.10

518        1.42        -0.10

519        1.63        -0.10

520        1.53        -0.10

521        1.73        -0.10

522        1.63        -0.10

523        1.73        -0.10

524        1.63        -0.10

525        1.73        -0.10

526        1.53        -0.10

527        1.63        -0.10

528        1.53        -0.10

529        1.63        -0.10

530        1.42        -0.10

531        1.53        -0.10

532        1.42        -0.10

533        1.63        -0.10

534        1.42        -0.10

535        1.63        -0.10

536        1.53        -0.10

537        1.73        -0.10

538        1.53        -0.10

539        1.73        -0.10

540        1.53        -0.11

541        1.73        -0.11

542        1.53        -0.11

543        1.63        -0.11

544        1.53        -0.11

545        1.63        -0.11

546        1.42        -0.11

547        1.63        -0.11

548        1.42        -0.11

549        1.53        -0.11

550        1.42        -0.11

551        1.63        -0.11

552        1.42        -0.11

553        1.63        -0.11

554        1.53        -0.11

555        1.73        -0.11

556        1.53        -0.11

557        1.73        -0.11

558        1.63        -0.11

559        1.83        -0.11

560        1.63        -0.11

561        1.73        -0.11

562        1.53        -0.11

563        1.73        -0.11

564        1.53        -0.11

565        1.63        -0.11

566        1.42        -0.11

567        1.63        -0.11

568        1.42        -0.11

569        1.63        -0.11

570        1.53        -0.11

571        1.63        -0.11

572        1.53        -0.11

573        1.73        -0.11

574        1.63        -0.11

575        1.73        -0.11

576        1.63        -0.11

577        1.73        -0.11

578        1.53        -0.12

579        1.73        -0.12

580        1.53        -0.12

581        1.73        -0.12

582        1.53        -0.12

583        1.63        -0.12

584        1.42        -0.12

585        1.63        -0.12

586        1.42        -0.12

587        1.53        -0.12

588        1.42        -0.12

589        1.63        -0.12

590        1.42        -0.12

591        1.63        -0.12

592        1.53        -0.12

593        1.63        -0.12

594        1.53        -0.12

595        1.63        -0.12

596        1.53        -0.12

597        1.73        -0.12

598        1.53        -0.12

599        1.63        -0.12

600        1.53        -0.12

601        1.63        -0.12

602        1.53        -0.12

603        1.63        -0.12

604        1.42        -0.12

605        1.63        -0.12

606        1.42        -0.12

607        1.63        -0.12

608        1.53        -0.12

609        1.73        -0.12

610        1.63        -0.12

611        1.83        -0.12

612        1.73        -0.12

613        1.83        -0.12

614        1.73        -0.12

615        1.83        -0.13

616        1.73        -0.13

617        1.83        -0.13

618        1.63        -0.13

619        1.73        -0.13

620        1.53        -0.13

621        1.73        -0.13

622        1.53        -0.13

623        1.63        -0.13

624        1.53        -0.13

625        1.73        -0.13

626        1.63        -0.13

627        1.73        -0.13

628        1.63        -0.13

629        1.83        -0.13

630        1.73        -0.13

631        1.93        -0.13

632        1.83        -0.13

633        2.04        -0.13

634        1.93        -0.13

635        2.04        -0.13

636        1.93        -0.13

637        2.04        -0.13

638        1.93        -0.13

639        2.04        -0.13

640        1.83        -0.13

641        1.93        -0.13

642        1.73        -0.13

643        1.83        -0.13

644        1.63        -0.13

645        1.73        -0.13

646        1.53        -0.13

647        1.63        -0.13

648        1.53        -0.13

649        1.63        -0.13

650        1.53        -0.13

651        1.63        -0.13

652        1.53        -0.13

653        1.73        -0.13

654        1.63        -0.13

655        1.83        -0.13

656        1.63        -0.13

657        1.83        -0.13

658        1.73        -0.13

659        1.83        -0.13

660        1.63        -0.13

661        1.73        -0.13

662        1.63        -0.14

663        1.73        -0.14

664        1.53        -0.14

665        1.63        -0.14

666        1.53        -0.14

667        1.63        -0.14

668        1.53        -0.14

669        1.63        -0.14

670        1.53        -0.14

671        1.73        -0.14

672        1.63        -0.14

673        1.83        -0.14

674        1.63        -0.14

675        1.83        -0.14

676        1.73        -0.14

677        1.83        -0.14

678        1.73        -0.14

679        1.83        -0.14

680        1.63        -0.14

681        1.73        -0.14

682        1.53        -0.14

683        1.73        -0.14

684        1.53        -0.14

685        1.63        -0.14

686        1.53        -0.14

687        1.73        -0.14

688        1.63        -0.14

689        1.83        -0.14

690        1.73        -0.14

691        2.04        -0.14

692        2.04        -0.14

693        2.24        -0.14

694        2.14        -0.14

695        2.34        -0.14

696        2.14        -0.14

697        2.24        -0.15

698        2.04        -0.15

699        2.04        -0.15

700        1.83        -0.15

701        1.93        -0.15

702        1.63        -0.15

703        1.73        -0.15

704        1.53        -0.15

705        1.83        -0.15

706        1.63        -0.15

707        1.83        -0.15

708        1.83        -0.15

709        2.04        -0.15

710        1.93        -0.15

711        2.14        -0.15

712        1.93        -0.15

713        2.14        -0.15

714        2.04        -0.15

715        2.14        -0.15

716        2.04        -0.15

717        2.14        -0.15

718        1.93        -0.15

719        2.04        -0.15

720        1.83        -0.15

721        2.04        -0.15

722        1.83        -0.15

723        1.93        -0.15

724        1.73        -0.15

725        1.73        -0.15

726        1.53        -0.15

727        1.73        -0.15

728        1.53        -0.15

729        1.63        -0.15

730        1.53        -0.15

731        1.63        -0.15

732        1.53        -0.15

733        1.73        -0.15

734        1.63        -0.15

735        1.83        -0.15

736        1.63        -0.15

737        1.73        -0.15

738        1.63        -0.15

739        1.83        -0.16

740        1.63        -0.16

741        1.73        -0.16

742        1.63        -0.16

743        1.73        -0.16

744        1.53        -0.16

745        1.73        -0.16

746        1.53        -0.16

747        1.63        -0.16

748        1.53        -0.16

749        1.63        -0.16

750        1.53        -0.16

751        1.63        -0.16

752        1.53        -0.16

753        1.73        -0.16

754        1.63        -0.16

755        1.93        -0.16

756        1.83        -0.16

757        2.04        -0.16

758        1.93        -0.16

759        2.24        -0.16

760        2.14        -0.16

761        2.34        -0.16

762        2.24        -0.16

763        2.34        -0.16

764        2.14        -0.16

765        2.34        -0.16

766        2.04        -0.16

767        2.14        -0.16

768        1.83        -0.16

769        1.93        -0.16

770        1.73        -0.16

771        1.83        -0.16

772        1.63        -0.16

773        1.73        -0.16

774        1.63        -0.16

775        1.73        -0.16

776        1.73        -0.16

777        1.93        -0.16

778        1.93        -0.16

779        2.14        -0.16

780        2.04        -0.16

781        2.34        -0.16

782        2.34        -0.16

783        2.54        -0.16

784        2.44        -0.16

785        2.65        -0.16

786        2.54        -0.16

787        2.75        -0.16

788        2.65        -0.16

789        2.75        -0.16

790        2.65        -0.16

791        2.75        -0.16

792        2.44        -0.17

793        2.54        -0.17

794        2.34        -0.17

795        2.44        -0.17

796        2.14        -0.17

797        2.24        -0.17

798        1.93        -0.17

799        2.04        -0.17

800        1.83        -0.17

801        1.83        -0.17

802        1.63        -0.17

803        1.73        -0.17

804        1.53        -0.17

805        1.73        -0.17

806        1.63        -0.17

807        1.73        -0.17

808        1.53        -0.17

809        1.73        -0.17

810        1.63        -0.17

811        1.83        -0.17

812        1.73        -0.17

813        1.93        -0.17

814        1.73        -0.17

815        1.93        -0.17

816        1.83        -0.17

817        1.93        -0.17

818        1.83        -0.17

819        1.93        -0.17

820        1.73        -0.17

821        1.83        -0.17

822        1.73        -0.17

823        1.83        -0.17

824        1.63        -0.17

825        1.73        -0.17

826        1.53        -0.17

827        1.63        -0.17

828        1.53        -0.17

829        1.63        -0.17

830        1.42        -0.17

831        1.63        -0.17

832        1.53        -0.17

833        1.63        -0.17

834        1.53        -0.17

835        1.73        -0.17

836        1.73        -0.17

837        1.93        -0.17

838        1.93        -0.17

839        2.14        -0.17

840        2.14        -0.17

841        2.44        -0.17

842        2.44        -0.17

843        2.65        -0.17

844        2.54        -0.18

845        2.75        -0.18

846        2.65        -0.18

847        2.75        -0.18

848        2.54        -0.18

849        2.54        -0.18

850        2.34        -0.18

851        2.24        -0.18

852        1.93        -0.18

853        1.93        -0.18

854        1.73        -0.18

855        1.93        -0.18

856        1.83        -0.18

857        2.24        -0.18

858        2.44        -0.18

859        2.95        -0.18

860        3.26        -0.18

861        3.87        -0.18

862        4.07        -0.18

863        4.58        -0.18

864        4.78        -0.18

865        5.19        -0.18

866        5.19        -0.18

867        5.39        -0.18

868        5.29        -0.18

869        5.39        -0.18

870        5.09        -0.18

871        5.09        -0.18

872        4.68        -0.18

873        4.58        -0.18

874        4.17        -0.18

875        3.97        -0.18

876        3.56        -0.18

877        3.36        -0.18

878        2.85        -0.18

879        2.75        -0.18

880        2.34        -0.18

881        2.34        -0.18

882        2.04        -0.18

883        2.24        -0.18

884        2.24        -0.18

885        2.65        -0.18

886        2.75        -0.18

887        3.26        -0.18

888        3.36        -0.18

889        3.77        -0.18

890        3.87        -0.18

891        4.17        -0.18

892        3.97        -0.19

893        4.17        -0.19

894        3.87        -0.19

895        3.97        -0.19

896        3.66        -0.19

897        3.66        -0.19

898        3.36        -0.19

899        3.36        -0.19

900        3.05        -0.19

901        3.05        -0.19

902        2.75        -0.19

903        2.75        -0.19

904        2.44        -0.19

905        2.54        -0.19

906        2.24        -0.19

907        2.34        -0.19

908        2.24        -0.19

909        2.34        -0.19

910        2.24        -0.19

911        2.34        -0.19

912        2.24        -0.19

913        2.44        -0.19

914        2.34        -0.19

915        2.54        -0.19

916        2.54        -0.19

917        2.85        -0.19

918        2.85        -0.19

919        3.16        -0.19

920        3.16        -0.19

921        3.56        -0.19

922        3.56        -0.19

923        3.87        -0.19

924        3.87        -0.19

925        3.97        -0.19

926        3.77        -0.19

927        3.87        -0.19

928        3.56        -0.19

929        3.56        -0.19

930        3.26        -0.19

931        3.36        -0.19

932        3.36        -0.19

933        3.77        -0.19

934        4.27        -0.19

935        5.50        -0.19

936        6.82        -0.19

937        8.85        -0.19

938        10.99        -0.19

939        13.64        -0.19

940        15.98        -0.19

941        18.42        -0.19

942        20.25        -0.20

943        22.09        -0.20

944        23.10        -0.20

945        24.02        -0.20

946        24.02        -0.20

947        23.82        -0.20

948        22.70        -0.20

949        21.17        -0.20

950        19.13        -0.20

951        17.00        -0.20

952        14.55        -0.20

953        12.72        -0.20

954        10.89        -0.20

955        9.67        -0.20

956        8.65        -0.20

957        8.04        -0.20

958        7.63        -0.20

959        7.74        -0.20

960        7.94        -0.20

961        8.85        -0.20

962        9.87        -0.20

963        11.60        -0.20

964        13.23        -0.20

965        15.37        -0.20

966        17.40        -0.20

967        20.15        -0.20

968        22.90        -0.20

969        26.46        -0.20

970        30.43        -0.20

971        35.42        -0.20

972        40.71        -0.20

973        46.72        -0.20

974        52.01        -0.20

975        56.79        -0.20

976        60.05        -0.20

977        62.49        -0.20

978        63.41        -0.20

979        63.21        -0.20

980        60.56        -0.20

981        55.88        -0.20

982        48.55        -0.20

983        40.31        -0.20

984        31.86        -0.20

985        24.73        -0.20

986        19.03        -0.20

987        15.47        -0.20

988        13.33        -0.20

989        12.82        -0.20

990        13.44        -0.20

991        16.29        -0.20

992        21.27        -0.20

993        29.21        -0.20

994        38.88        -0.20

995        49.87        -0.20

996        60.15        -0.20

997        69.31        -0.20

998        76.34        -0.20

999        81.42        -0.21

1000        83.97        -0.21

1001        84.07        -0.21

1002        81.32        -0.21

1003        76.74        -0.21

1004        69.82        -0.21

1005        61.48        -0.21

1006        50.99        -0.21

1007        39.90        -0.21

1008        29.21        -0.21

1009        20.56        -0.21

1010        15.17        -0.21

1011        15.37        -0.21

1012        20.46        -0.21

1013        30.23        -0.21

1014        42.04        -0.21

1015        53.23        -0.21

1016        60.46        -0.21

1017        62.90        -0.21

1018        59.54        -0.21

1019        51.91        -0.21

1020        41.02        -0.21

1021        30.03        -0.21

1022        20.66        -0.21

1023        14.35        -0.21

1024        10.18        -0.21

1025        8.75        -0.21

1026        9.16        -0.21

1027        11.60        -0.21

1028        14.66        -0.21

1029        18.32        -0.21

1030        21.37        -0.21

1031        23.72        -0.21

1032        24.53        -0.21

1033        24.43        -0.21

1034        23.10        -0.22

1035        21.37        -0.22

1036        19.13        -0.22

1037        16.90        -0.22

1038        14.15        -0.22

1039        11.70        -0.22

1040        9.16        -0.22

1041        7.33        -0.22

1042        5.50        -0.22

1043        4.48        -0.22

1044        3.56        -0.22

1045        3.36        -0.22

1046        3.05        -0.22

1047        3.36        -0.22

1048        3.36        -0.22

1049        3.66        -0.22

1050        3.77        -0.22

1051        3.97        -0.22

1052        3.87        -0.22

1053        3.87        -0.22

1054        3.46        -0.22

1055        3.46        -0.22

1056        3.16        -0.22

1057        3.05        -0.22

1058        2.75        -0.22

1059        2.75        -0.22

1060        2.44        -0.22

1061        2.54        -0.22

1062        2.24        -0.22

1063        2.24        -0.22

1064        2.04        -0.22

1065        2.04        -0.22

1066        1.83        -0.22

1067        1.93        -0.22

1068        1.83        -0.22

1069        2.14        -0.22

1070        2.24        -0.22

1071        2.75        -0.22

1072        2.95        -0.22

1073        3.46        -0.22

1074        3.77        -0.22

1075        4.27        -0.23

1076        4.38        -0.23

1077        4.58        -0.23

1078        4.27        -0.23

1079        4.27        -0.23

1080        3.77        -0.23

1081        3.56        -0.23

1082        2.95        -0.23

1083        2.75        -0.23

1084        2.24        -0.23

1085        2.34        -0.23

1086        2.34        -0.23

1087        2.95        -0.23

1088        3.36        -0.23

1089        4.07        -0.23

1090        4.58        -0.23

1091        5.29        -0.23

1092        5.60        -0.23

1093        5.90        -0.23

1094        5.60        -0.23

1095        5.39        -0.23

1096        4.68        -0.23

1097        4.17        -0.23

1098        3.36        -0.23

1099        2.95        -0.23

1100        2.24        -0.23

1101        2.14        -0.23

1102        1.83        -0.23

1103        2.04        -0.23

1104        2.14        -0.23

1105        2.54        -0.23

1106        2.54        -0.23

1107        2.85        -0.23

1108        2.75        -0.23

1109        2.85        -0.23

1110        2.54        -0.24

1111        2.54        -0.24

1112        2.14        -0.24

1113        2.04        -0.24

1114        1.63        -0.24

1115        1.63        -0.24

1116        1.42        -0.24

1117        1.53        -0.24

1118        1.32        -0.24

1119        1.53        -0.24

1120        1.42        -0.24

1121        1.53        -0.24

1122        1.42        -0.24

1123        1.63        -0.24

1124        1.53        -0.24

1125        1.73        -0.24

1126        1.63        -0.24

1127        1.83        -0.24

1128        1.73        -0.24

1129        1.83        -0.24

1130        1.63        -0.24

1131        1.83        -0.24

1132        1.63        -0.24

1133        1.73        -0.24

1134        1.42        -0.24

1135        1.63        -0.24

1136        1.42        -0.24

1137        1.63        -0.24

1138        1.53        -0.24

1139        1.73        -0.24

1140        1.73        -0.24

1141        2.04        -0.24

1142        2.04        -0.24

1143        2.34        -0.24

1144        2.34        -0.24

1145        2.54        -0.24

1146        2.54        -0.24

1147        2.75        -0.25

1148        2.65        -0.25

1149        2.75        -0.25

1150        2.44        -0.25

1151        2.44        -0.25

1152        2.14        -0.25

1153        2.14        -0.25

1154        1.73        -0.25

1155        1.83        -0.25

1156        1.53        -0.25

1157        1.73        -0.25

1158        1.53        -0.25

1159        1.83        -0.25

1160        1.83        -0.25

1161        2.04        -0.25

1162        1.93        -0.25

1163        2.14        -0.25

1164        2.04        -0.25

1165        2.14        -0.25

1166        1.93        -0.25

1167        2.04        -0.25

1168        1.73        -0.25

1169        1.83        -0.25

1170        1.53        -0.25

1171        1.63        -0.25

1172        1.42        -0.25

1173        1.53        -0.25

1174        1.32        -0.25

1175        1.42        -0.25

1176        1.32        -0.25

1177        1.42        -0.25

1178        1.32        -0.25

1179        1.42        -0.25

1180        1.22        -0.25

1181        1.42        -0.25

1182        1.32        -0.25

1183        1.42        -0.25

1184        1.32        -0.26

1185        1.42        -0.26

1186        1.32        -0.26

1187        1.42        -0.26

1188        1.32        -0.26

1189        1.42        -0.26

1190        1.32        -0.26

1191        1.42        -0.26

1192        1.22        -0.26

1193        1.42        -0.26

1194        1.32        -0.26

1195        1.32        -0.26

1196        1.22        -0.26

1197        1.32        -0.26

1198        1.22        -0.26

1199        1.32        -0.26

1200        1.22        -0.26

1201        1.42        -0.26

1202        1.32        -0.26

1203        1.53        -0.26

1204        1.42        -0.26

1205        1.63        -0.26

1206        1.53        -0.26

1207        1.73        -0.26

1208        1.63        -0.26

1209        1.83        -0.26

1210        1.73        -0.26

1211        1.83        -0.26

1212        1.73        -0.26

1213        1.83        -0.26

1214        1.63        -0.26

1215        1.73        -0.26

1216        1.42        -0.26

1217        1.53        -0.26

1218        1.32        -0.26

1219        1.42        -0.26

1220        1.32        -0.26

1221        1.42        -0.26

1222        1.42        -0.26

1223        1.63        -0.26

1224        1.63        -0.27

1225        1.83        -0.27

1226        1.73        -0.27

1227        1.93        -0.27

1228        1.73        -0.27

1229        1.83        -0.27

1230        1.53        -0.27

1231        1.63        -0.27

1232        1.32        -0.27

1233        1.42        -0.27

1234        1.22        -0.27

1235        1.42        -0.27

1236        1.22        -0.27

1237        1.42        -0.27

1238        1.32        -0.27

1239        1.53        -0.27

1240        1.32        -0.27

1241        1.42        -0.27

1242        1.22        -0.27

1243        1.32        -0.27

1244        1.22        -0.27

1245        1.32        -0.27

1246        1.12        -0.27

1247        1.32        -0.27

1248        1.22        -0.27

1249        1.32        -0.27

1250        1.22        -0.27

1251        1.42        -0.27

1252        1.22        -0.27

1253        1.42        -0.28

1254        1.32        -0.28

1255        1.53        -0.28

1256        1.32        -0.28

1257        1.53        -0.28

1258        1.32        -0.28

1259        1.42        -0.28

1260        1.32        -0.28

1261        1.42        -0.28

1262        1.32        -0.28

1263        1.42        -0.28

1264        1.22        -0.28

1265        1.42        -0.28

1266        1.32        -0.28

1267        1.53        -0.28

1268        1.42        -0.28

1269        1.63        -0.28

1270        1.53        -0.28

1271        1.73        -0.28

1272        1.53        -0.28

1273        1.73        -0.28

1274        1.42        -0.28

1275        1.53        -0.28

1276        1.32        -0.28

1277        1.42        -0.28

1278        1.32        -0.28

1279        1.53        -0.28

1280        1.42        -0.28

1281        1.63        -0.28

1282        1.42        -0.29

1283        1.53        -0.29

1284        1.42        -0.29

1285        1.42        -0.29

1286        1.32        -0.29

1287        1.32        -0.29

1288        1.22        -0.29

1289        1.42        -0.29

1290        1.22        -0.29

1291        1.42        -0.29

1292        1.22        -0.29

1293        1.42        -0.29

1294        1.22        -0.29

1295        1.32        -0.29

1296        1.22        -0.29

1297        1.32        -0.29

1298        1.22        -0.29

1299        1.32        -0.29

1300        1.22        -0.29

1301        1.32        -0.29

1302        1.22        -0.29

1303        1.42        -0.29

1304        1.32        -0.30

1305        1.53        -0.30

1306        1.32        -0.30

1307        1.42        -0.30

1308        1.32        -0.30

1309        1.42        -0.30

1310        1.22        -0.30

1311        1.32        -0.30

1312        1.22        -0.30

1313        1.32        -0.30

1314        1.22        -0.30

1315        1.42        -0.30

1316        1.32        -0.30

1317        1.53        -0.30

1318        1.32        -0.30

1319        1.42        -0.30

1320        1.22        -0.30

1321        1.42        -0.30

1322        1.22        -0.30

1323        1.32        -0.30

1324        1.22        -0.30

1325        1.32        -0.30

1326        1.22        -0.30

1327        1.42        -0.30

1328        1.32        -0.31

1329        1.42        -0.31

1330        1.22        -0.31

1331        1.42        -0.31

1332        1.22        -0.31

1333        1.32        -0.31

1334        1.22        -0.31

1335        1.32        -0.31

1336        1.22        -0.31

1337        1.32        -0.31

1338        1.22        -0.31

1339        1.32        -0.31

1340        1.22        -0.31

1341        1.42        -0.31

1342        1.22        -0.31

1343        1.42        -0.31

1344        1.32        -0.31

1345        1.42        -0.31

1346        1.32        -0.31

1347        1.42        -0.31

1348        1.22        -0.31

1349        1.42        -0.31

1350        1.22        -0.31

1351        1.32        -0.31

1352        1.22        -0.31

1353        1.32        -0.31

1354        1.32        -0.31

1355        1.42        -0.31

1356        1.32        -0.31

1357        1.53        -0.31

1358        1.32        -0.31

1359        1.53        -0.32

1360        1.32        -0.32

1361        1.53        -0.32

1362        1.32        -0.32

1363        1.53        -0.32

1364        1.32        -0.32

1365        1.42        -0.32

1366        1.32        -0.32

1367        1.42        -0.32

1368        1.22        -0.32

1369        1.32        -0.32

1370        1.22        -0.32

1371        1.32        -0.32

1372        1.22        -0.32

1373        1.42        -0.32

1374        1.22        -0.32

1375        1.42        -0.32

1376        1.32        -0.32

1377        1.42        -0.32

1378        1.22        -0.32

1379        1.42        -0.32

1380        1.22        -0.32

1381        1.32        -0.32

1382        1.22        -0.32

1383        1.32        -0.32

1384        1.22        -0.32

1385        1.32        -0.32

1386        1.22        -0.32

1387        1.42        -0.32

1388        1.32        -0.32

1389        1.42        -0.33

1390        1.32        -0.33

1391        1.42        -0.33

1392        1.32        -0.33

1393        1.32        -0.33

1394        1.22        -0.33

1395        1.32        -0.33

1396        1.22        -0.33

1397        1.42        -0.33

1398        1.22        -0.33

1399        1.42        -0.33

1400        1.32        -0.33

1401        1.42        -0.33

1402        1.32        -0.33

1403        1.53        -0.33

1404        1.32        -0.33

1405        1.53        -0.33

1406        1.32        -0.33

1407        1.42        -0.33

1408        1.32        -0.33

1409        1.42        -0.33

1410        1.22        -0.33

1411        1.42        -0.33

1412        1.22        -0.33

1413        1.42        -0.33

1414        1.32        -0.33

1415        1.42        -0.33

1416        1.32        -0.33

1417        1.53        -0.33

1418        1.32        -0.33

1419        1.53        -0.34

1420        1.32        -0.34

1421        1.42        -0.34

1422        1.32        -0.34

1423        1.42        -0.34

1424        1.32        -0.34

1425        1.42        -0.34

1426        1.22        -0.34

1427        1.42        -0.34

1428        1.22        -0.34

1429        1.42        -0.34

1430        1.22        -0.34

1431        1.42        -0.34

1432        1.22        -0.34

1433        1.42        -0.34

1434        1.32        -0.34

1435        1.42        -0.34

1436        1.32        -0.34

1437        1.42        -0.34

1438        1.32        -0.34

1439        1.42        -0.34

1440        1.32        -0.34

1441        1.42        -0.34

1442        1.32        -0.34

1443        1.42        -0.34

1444        1.22        -0.34

1445        1.42        -0.34

1446        1.22        -0.34

1447        1.42        -0.34

1448        1.22        -0.34

1449        1.42        -0.34

1450        1.22        -0.34

1451        1.42        -0.34

1452        1.32        -0.34

1453        1.42        -0.34

1454        1.32        -0.34

1455        1.53        -0.35

1456        1.32        -0.35

1457        1.53        -0.35

1458        1.32        -0.35

1459        1.42        -0.35

1460        1.32        -0.35

1461        1.42        -0.35

1462        1.32        -0.35

1463        1.42        -0.35

1464        1.32        -0.35

1465        1.42        -0.35

1466        1.32        -0.35

1467        1.42        -0.35

1468        1.32        -0.35

1469        1.42        -0.35

1470        1.32        -0.35

1471        1.42        -0.35

1472        1.32        -0.35

1473        1.42        -0.35

1474        1.32        -0.35

1475        1.42        -0.35

1476        1.32        -0.35

1477        1.42        -0.35

1478        1.32        -0.35

1479        1.42        -0.35

1480        1.32        -0.35

1481        1.42        -0.35

1482        1.32        -0.35

1483        1.42        -0.35

1484        1.22        -0.35

1485        1.32        -0.35

1486        1.22        -0.35

1487        1.42        -0.35

1488        1.22        -0.35

1489        1.32        -0.35

1490        1.22        -0.35

1491        1.42        -0.35

1492        1.22        -0.35

1493        1.42        -0.35

1494        1.32        -0.35

1495        1.42        -0.36

1496        1.32        -0.36

1497        1.42        -0.36

1498        1.32        -0.36

1499        1.42        -0.36

1500        1.22        -0.36

1501        1.42        -0.36

1502        1.22        -0.36

1503        1.42        -0.36

1504        1.22        -0.36

1505        1.42        -0.36

1506        1.22        -0.36

1507        1.42        -0.36

1508        1.22        -0.36

1509        1.42        -0.36

1510        1.32        -0.36

1511        1.42        -0.36

1512        1.32        -0.36

1513        1.42        -0.36

1514        1.32        -0.36

1515        1.42        -0.36

1516        1.32        -0.36

1517        1.42        -0.36

1518        1.32        -0.36

1519        1.42        -0.36

1520        1.22        -0.36

1521        1.42        -0.36

1522        1.22        -0.36

1523        1.42        -0.36

1524        1.22        -0.36

1525        1.42        -0.36

1526        1.32        -0.36

1527        1.42        -0.36

1528        1.32        -0.36

1529        1.42        -0.36

1530        1.32        -0.37

1531        1.42        -0.37

1532        1.32        -0.37

1533        1.42        -0.37

1534        1.22        -0.37

1535        1.42        -0.37

1536        1.32        -0.37

1537        1.42        -0.37

1538        1.32        -0.37

1539        1.42        -0.37

1540        1.22        -0.37

1541        1.42        -0.37

1542        1.32        -0.37

1543        1.42        -0.37

1544        1.32        -0.37

1545        1.53        -0.37

1546        1.32        -0.37

1547        1.42        -0.37

1548        1.32        -0.37

1549        1.42        -0.37

1550        1.32        -0.37

1551        1.42        -0.37

1552        1.32        -0.37

1553        1.42        -0.37

1554        1.32        -0.37

1555        1.42        -0.37

1556        1.32        -0.37

1557        1.42        -0.37

1558        1.32        -0.37

1559        1.42        -0.37

1560        1.32        -0.37

1561        1.42        -0.37

1562        1.32        -0.37

1563        1.53        -0.37

1564        1.32        -0.37

1565        1.53        -0.38

1566        1.32        -0.38

1567        1.53        -0.38

1568        1.32        -0.38

1569        1.53        -0.38

1570        1.32        -0.38

1571        1.42        -0.38

1572        1.32        -0.38

1573        1.42        -0.38

1574        1.32        -0.38

1575        1.42        -0.38

1576        1.32        -0.38

1577        1.42        -0.38

1578        1.22        -0.38

1579        1.42        -0.38

1580        1.32        -0.38

1581        1.42        -0.38

1582        1.22        -0.38

1583        1.42        -0.38

1584        1.32        -0.38

1585        1.42        -0.38

1586        1.32        -0.38

1587        1.42        -0.38

1588        1.22        -0.38

1589        1.42        -0.38

1590        1.22        -0.38

1591        1.42        -0.38

1592        1.22        -0.38

1593        1.42        -0.38

1594        1.22        -0.38

1595        1.42        -0.38

1596        1.32        -0.38

1597        1.42        -0.38

1598        1.32        -0.38

1599        1.42        -0.38

1600        1.32        -0.38

1601        1.42        -0.38

1602        1.32        -0.38

1603        1.42        -0.38

1604        1.32        -0.38

1605        1.42        -0.38

1606        1.32        -0.38

1607        1.42        -0.38

1608        1.22        -0.38

1609        1.42        -0.38

1610        1.22        -0.38

1611        1.42        -0.38

1612        1.32        -0.38

1613        1.42        -0.38

1614        1.22        -0.38

1615        1.42        -0.38

1616        1.32        -0.38

1617        1.42        -0.38

1618        1.22        -0.38

1619        1.42        -0.38

1620        1.32        -0.38

1621        1.42        -0.38

1622        1.32        -0.38

1623        1.42        -0.38

1624        1.32        -0.38

1625        1.42        -0.38

1626        1.32        -0.38

1627        1.32        -0.38

1628        1.22        -0.38