1        1.12        0.00

2        1.12        0.00

3        1.12        0.00

4        1.12        0.00

5        1.12        0.00

6        1.12        0.00

7        1.12        0.00

8        1.12        0.00

9        1.12        0.00

10        1.12        0.00

11        1.12        0.00

12        1.02        0.00

13        1.12        0.00

14        1.02        0.00

15        1.12        0.00

16        1.02        0.00

17        1.02        0.00

18        1.02        0.00

19        1.12        0.00

20        1.02        0.00

21        1.02        0.00

22        1.02        0.00

23        1.12        0.00

24        1.12        0.00

25        1.12        0.00

26        1.12        0.00

27        1.12        0.00

28        1.12        0.00

29        1.12        0.00

30        1.12        0.00

31        1.12        0.00

32        1.12        0.00

33        1.12        0.00

34        1.12        0.00

35        1.12        0.00

36        1.12        0.00

37        1.12        0.00

38        1.12        0.00

39        1.12        0.00

40        1.22        0.00

41        1.22        0.00

42        1.12        0.00

43        1.22        0.00

44        1.12        0.00

45        1.22        0.00

46        1.12        0.00

47        1.22        0.00

48        1.12        0.00

49        1.22        0.00

50        1.12        0.00

51        1.22        0.00

52        1.22        0.00

53        1.22        0.00

54        1.12        0.00

55        1.22        0.00

56        1.12        0.00

57        1.22        0.00

58        1.12        0.00

59        1.22        0.00

60        1.12        0.00

61        1.22        0.00

62        1.12        0.00

63        1.22        0.00

64        1.12        0.00

65        1.12        0.00

66        1.12        0.00

67        1.12        0.00

68        1.12        0.00

69        1.12        0.00

70        1.02        0.00

71        1.12        0.00

72        1.02        0.00

73        1.12        0.00

74        1.02        0.00

75        1.02        0.00

76        1.02        0.00

77        1.02        0.00

78        1.02        0.00

79        1.02        0.00

80        0.92        0.00

81        1.02        0.00

82        0.92        0.00

83        1.02        0.00

84        0.92        0.00

85        1.02        0.00

86        0.92        0.00

87        0.92        0.00

88        0.92        0.00

89        0.92        0.00

90        0.92        0.00

91        0.92        0.00

92        0.92        0.00

93        1.02        0.00

94        0.92        0.00

95        0.92        0.00

96        0.92        0.00

97        0.92        0.00

98        1.02        0.00

99        0.92        0.00

100        0.92        0.00

101        0.92        0.00

102        0.92        0.00

103        1.02        0.00

104        0.92        0.00

105        1.02        0.00

106        0.92        0.00

107        1.02        0.00

108        0.92        0.00

109        1.02        0.00

110        0.92        0.00

111        1.02        0.00

112        0.92        0.00

113        1.02        0.00

114        0.92        0.00

115        1.02        0.00

116        0.92        0.00

117        1.02        0.00

118        0.92        0.00

119        1.02        0.00

120        0.92        0.00

121        1.02        0.00

122        0.92        0.00

123        1.02        0.00

124        0.92        0.00

125        1.02        0.00

126        0.92        0.00

127        1.02        0.00

128        1.02        0.00

129        1.02        0.00

130        1.02        0.00

131        1.02        0.00

132        1.02        0.00

133        1.02        0.00

134        1.02        0.00

135        1.02        0.00

136        1.02        0.00

137        1.02        0.00

138        1.02        0.00

139        1.02        0.00

140        1.02        0.00

141        1.02        0.00

142        1.02        0.00

143        1.02        0.00

144        1.02        0.00

145        1.02        0.00

146        1.02        0.00

147        1.02        0.00

148        1.02        0.00

149        1.02        0.00

150        1.02        0.00

151        1.02        0.00

152        1.02        0.00

153        1.02        0.00

154        1.02        0.00

155        1.02        0.00

156        1.02        0.00

157        1.02        0.00

158        1.02        0.00

159        1.02        0.00

160        1.02        0.00

161        1.02        0.00

162        1.02        0.00

163        1.12        0.00

164        1.02        0.00

165        1.12        0.00

166        1.02        0.00

167        1.02        0.00

168        1.02        0.00

169        1.02        0.00

170        1.02        0.00

171        1.02        0.00

172        1.02        0.00

173        1.12        0.00

174        1.02        0.00

175        1.02        0.00

176        1.02        0.00

177        1.02        0.00

178        1.02        0.00

179        1.02        0.00

180        1.02        0.00

181        1.02        0.00

182        1.02        0.00

183        1.02        0.00

184        1.02        0.00

185        1.02        0.00

186        1.02        0.00

187        1.02        0.00

188        1.02        0.00

189        1.02        0.00

190        1.02        0.00

191        1.02        0.00

192        0.92        0.00

193        1.02        0.00

194        1.02        0.00

195        1.02        0.00

196        1.02        0.00

197        1.02        0.00

198        1.02        0.00

199        1.02        0.00

200        1.02        0.00

201        1.02        0.00

202        1.02        0.00

203        1.02        0.00

204        1.02        0.00

205        1.02        0.00

206        1.02        0.00

207        1.02        0.00

208        0.92        0.00

209        1.02        0.00

210        1.02        0.00

211        1.02        0.00

212        1.02        0.00

213        1.12        0.00

214        1.02        0.00

215        1.02        0.00

216        1.02        0.00

217        1.02        0.00

218        1.02        0.00

219        1.02        0.00

220        1.02        0.00

221        1.12        0.00

222        1.02        0.00

223        1.12        0.00

224        1.02        0.00

225        1.02        0.00

226        1.02        0.00

227        1.12        0.00

228        1.02        0.00

229        1.12        0.00

230        1.02        0.00

231        1.12        0.00

232        1.02        0.00

233        1.12        0.00

234        1.02        0.00

235        1.02        0.00

236        1.02        0.00

237        1.02        0.00

238        1.02        0.00

239        1.12        0.00

240        1.02        0.00

241        1.12        0.00

242        1.02        0.00

243        1.12        0.00

244        1.02        0.00

245        1.12        0.00

246        1.02        0.00

247        1.12        0.00

248        1.02        0.00

249        1.12        0.00

250        1.02        0.00

251        1.12        0.00

252        1.02        0.00

253        1.12        0.00

254        1.02        0.00

255        1.12        0.00

256        1.02        0.00

257        1.12        1.67E-4

258        1.02        3.33E-4

259        1.12        4.17E-4

260        1.02        4.17E-4

261        1.12        4.17E-4

262        1.02        5.83E-4

263        1.12        7.50E-4

264        1.02        9.17E-4

265        1.12        0.00

266        1.02        0.00

267        1.12        0.00

268        1.02        0.00

269        1.12        0.00

270        1.02        0.00

271        1.12        0.00

272        1.02        0.00

273        1.12        0.00

274        1.02        0.00

275        1.12        0.00

276        1.02        0.01

277        1.12        0.01

278        1.02        0.01

279        1.12        0.01

280        1.02        0.01

281        1.12        0.01

282        1.02        0.01

283        1.12        0.01

284        1.02        0.01

285        1.12        0.01

286        1.02        0.01

287        1.02        0.01

288        1.02        0.01

289        1.12        0.01

290        1.02        0.01

291        1.12        0.01

292        1.02        0.01

293        1.12        0.01

294        1.02        0.01

295        1.12        0.01

296        1.02        0.01

297        1.12        0.02

298        1.02        0.02

299        1.12        0.02

300        1.02        0.02

301        1.12        0.02

302        1.02        0.02

303        1.12        0.02

304        1.02        0.02

305        1.12        0.02

306        1.02        0.02

307        1.12        0.02

308        0.92        0.02

309        1.12        0.03

310        1.02        0.03

311        1.12        0.03

312        1.02        0.03

313        1.12        0.03

314        1.02        0.03

315        1.02        0.03

316        1.02        0.03

317        1.12        0.03

318        1.02        0.03

319        1.12        0.04

320        1.02        0.04

321        1.12        0.04

322        1.02        0.04

323        1.02        0.04

324        1.02        0.04

325        1.12        0.04

326        1.02        0.04

327        1.12        0.04

328        1.02        0.04

329        1.12        0.04

330        1.02        0.05

331        1.12        0.05

332        1.02        0.05

333        1.12        0.05

334        1.02        0.05

335        1.12        0.05

336        1.02        0.05

337        1.12        0.05

338        1.02        0.05

339        1.12        0.05

340        1.02        0.05

341        1.12        0.06

342        1.02        0.06

343        1.12        0.06

344        1.02        0.06

345        1.12        0.06

346        1.02        0.06

347        1.12        0.06

348        1.02        0.06

349        1.12        0.07

350        1.02        0.07

351        1.12        0.07

352        1.02        0.07

353        1.12        0.07

354        1.02        0.07

355        1.12        0.07

356        1.02        0.08

357        1.12        0.08

358        1.02        0.08

359        1.12        0.08

360        1.12        0.08

361        1.12        0.09

362        1.02        0.09

363        1.12        0.09

364        1.02        0.09

365        1.12        0.09

366        1.02        0.10

367        1.12        0.10

368        1.02        0.10

369        1.12        0.10

370        1.02        0.10

371        1.12        0.11

372        1.12        0.11

373        1.22        0.11

374        1.12        0.11

375        1.32        0.11

376        1.22        0.12

377        1.32        0.12

378        1.22        0.12

379        1.32        0.12

380        1.22        0.12

381        1.22        0.12

382        1.12        0.13

383        1.12        0.13

384        1.02        0.13

385        1.12        0.13

386        1.02        0.13

387        1.22        0.14

388        1.22        0.14

389        1.53        0.14

390        1.63        0.14

391        1.93        0.14

392        2.14        0.15

393        2.65        0.15

394        2.95        0.15

395        3.46        0.15

396        3.66        0.15

397        4.17        0.15

398        4.38        0.16

399        4.78        0.16

400        4.89        0.16

401        5.09        0.16

402        5.09        0.16

403        5.19        0.16

404        5.09        0.16

405        5.19        0.17

406        4.99        0.17

407        4.99        0.17

408        4.58        0.17

409        4.48        0.17

410        4.07        0.17

411        3.97        0.17

412        3.56        0.18

413        3.36        0.18

414        2.95        0.18

415        2.85        0.18

416        2.44        0.18

417        2.34        0.18

418        1.93        0.18

419        1.83        0.19

420        1.53        0.19

421        1.53        0.19

422        1.32        0.19

423        1.32        0.19

424        1.12        0.19

425        1.22        0.19

426        1.02        0.20

427        1.12        0.20

428        1.02        0.20

429        1.12        0.20

430        1.02        0.20

431        1.12        0.20

432        1.12        0.20

433        1.22        0.20

434        1.12        0.21

435        1.22        0.21

436        1.12        0.21

437        1.32        0.21

438        1.12        0.21

439        1.22        0.21

440        1.12        0.21

441        1.22        0.22

442        1.12        0.22

443        1.12        0.22

444        1.02        0.22

445        1.12        0.22

446        1.02        0.22

447        1.12        0.22

448        0.92        0.22

449        1.12        0.23

450        0.92        0.23

451        1.02        0.23

452        0.92        0.23

453        1.02        0.23

454        0.92        0.23

455        1.02        0.23

456        0.92        0.23

457        1.12        0.24

458        1.02        0.24

459        1.12        0.24

460        0.92        0.24

461        1.12        0.24

462        1.02        0.24

463        1.12        0.24

464        1.02        0.24

465        1.12        0.25

466        1.02        0.25

467        1.12        0.25

468        1.02        0.25

469        1.12        0.25

470        0.92        0.25

471        1.02        0.25

472        0.92        0.25

473        1.02        0.26

474        0.92        0.26

475        1.02        0.26

476        0.92        0.26

477        1.02        0.26

478        0.92        0.26

479        1.02        0.26

480        0.92        0.27

481        1.02        0.27

482        0.92        0.27

483        1.02        0.27

484        0.92        0.27

485        1.02        0.27

486        0.92        0.27

487        1.02        0.27

488        0.92        0.28

489        1.02        0.28

490        0.92        0.28

491        1.02        0.28

492        0.92        0.28

493        1.02        0.28

494        0.92        0.28

495        1.02        0.29

496        0.92        0.29

497        1.02        0.29

498        0.92        0.29

499        1.02        0.29

500        0.92        0.29

501        1.02        0.29

502        0.92        0.30

503        1.02        0.30

504        0.92        0.30

505        1.02        0.30

506        0.92        0.30

507        1.02        0.30

508        0.92        0.30

509        1.02        0.30

510        0.92        0.31

511        1.02        0.31

512        0.92        0.31

513        1.02        0.31

514        0.92        0.31

515        1.02        0.31

516        0.92        0.31

517        1.02        0.31

518        0.92        0.31

519        1.02        0.32

520        0.81        0.32

521        1.02        0.32

522        0.81        0.32

523        1.02        0.32

524        0.81        0.32

525        1.02        0.32

526        0.81        0.32

527        1.02        0.33

528        0.81        0.33

529        0.92        0.33

530        0.81        0.33

531        1.02        0.33

532        0.81        0.33

533        0.92        0.33

534        0.92        0.34

535        1.02        0.34

536        0.81        0.34

537        0.92        0.34

538        0.81        0.34

539        0.92        0.34

540        0.92        0.34

541        1.02        0.34

542        0.81        0.35

543        1.02        0.35

544        0.81        0.35

545        0.92        0.35

546        0.81        0.35

547        0.92        0.35

548        0.81        0.35

549        0.92        0.36

550        0.81        0.36

551        0.92        0.36

552        0.81        0.36

553        0.92        0.36

554        0.81        0.36

555        0.92        0.36

556        0.81        0.36

557        0.92        0.36

558        0.81        0.36

559        0.92        0.37

560        0.81        0.37

561        0.92        0.37

562        0.92        0.37

563        0.92        0.37

564        0.81        0.37

565        0.92        0.37

566        0.81        0.37

567        0.92        0.37

568        0.81        0.37

569        0.92        0.38

570        0.81        0.38

571        0.92        0.38

572        0.81        0.38

573        0.92        0.38

574        0.81        0.38

575        0.92        0.38

576        0.92        0.38

577        0.92        0.38

578        0.81        0.38

579        0.92        0.38

580        0.81        0.38

581        0.92        0.38

582        0.81        0.38

583        0.92        0.38

584        0.81        0.38

585        0.92        0.38

586        0.81        0.38

587        0.92        0.38

588        0.81        0.38

589        0.92        0.38

590        0.81        0.38

591        0.92        0.38

592        0.81        0.38

593        0.92        0.38

594        0.81        0.38

595        0.92        0.38

596        0.81        0.38

597        0.92        0.38

598        0.81        0.38

599        0.92        0.38

600        0.81        0.38

601        0.92        0.38

602        0.81        0.38

603        0.92        0.38

604        0.81        0.38

605        0.92        0.38

606        0.81        0.38

607        0.92        0.38

608        0.81        0.38

609        0.92        0.38

610        0.81        0.38

611        0.92        0.38

612        0.81        0.38

613        0.92        0.38

614        0.81        0.38

615        0.92        0.38

616        0.81        0.38

617        0.92        0.38

618        0.81        0.38

619        0.92        0.38

620        0.81        0.38

621        0.92        0.38

622        0.81        0.38

623        0.92        0.38

624        0.81        0.38

625        0.92        0.38

626        0.81        0.38

627        0.92        0.38

628        0.81        0.38

629        0.92        0.38

630        0.81        0.38

631        0.92        0.38

632        0.81        0.38

633        0.92        0.38

634        0.81        0.38

635        0.92        0.38

636        0.81        0.38

637        0.81        0.38

638        0.81        0.38

639        0.81        0.38

640        0.81        0.38

641        0.92        0.38

642        0.81        0.38

643        0.81        0.38

644        0.81        0.38

645        0.92        0.38

646        0.81        0.38

647        0.81        0.38

648        0.81        0.38

649        0.81        0.38

650        0.81        0.38

651        0.92        0.38

652        0.81        0.38

653        0.92        0.38

654        0.81        0.38

655        0.92        0.38

656        0.81        0.38

657        0.92        0.38

658        0.81        0.38

659        0.92        0.38

660        0.92        0.38

661        0.92        0.38

662        0.92        0.38

663        0.92        0.38

664        0.81        0.38

665        0.92        0.38

666        0.81        0.38

667        0.92        0.38

668        0.81        0.38

669        0.92        0.38

670        0.92        0.38

671        0.92        0.38

672        0.81        0.38

673        0.92        0.38

674        0.81        0.38

675        0.92        0.38

676        0.92        0.38

677        0.92        0.38

678        0.92        0.38

679        0.92        0.38

680        0.81        0.38

681        0.81        0.38

682        0.81        0.38

683        0.92        0.38

684        0.92        0.38

685        0.92        0.38

686        0.81        0.38

687        0.92        0.38

688        0.92        0.38

689        0.92        0.38

690        0.81        0.38

691        0.92        0.38

692        0.92        0.38

693        0.92        0.38

694        0.92        0.38

695        0.92        0.38

696        0.81        0.38

697        0.92        0.38

698        0.92        0.38

699        0.92        0.38

700        0.92        0.38

701        0.92        0.38

702        0.92        0.38

703        0.92        0.38

704        0.92        0.38

705        0.92        0.38

706        0.92        0.38

707        0.92        0.38

708        0.81        0.38

709        0.92        0.38

710        0.92        0.38

711        0.92        0.38

712        0.81        0.38

713        0.92        0.38

714        0.92        0.38

715        0.92        0.38

716        0.92        0.38

717        0.92        0.38

718        0.92        0.38

719        0.92        0.38

720        0.92        0.38

721        0.92        0.38

722        0.92        0.38

723        0.92        0.38

724        0.92        0.38

725        0.92        0.38

726        0.92        0.38

727        0.92        0.38

728        0.92        0.38

729        0.92        0.38

730        0.92        0.38

731        0.92        0.38

732        0.92        0.38

733        0.92        0.38

734        0.92        0.38

735        0.92        0.38

736        0.92        0.38

737        0.92        0.38

738        0.92        0.38

739        0.92        0.38

740        0.92        0.38

741        0.92        0.38

742        0.92        0.38

743        0.92        0.38

744        0.92        0.38

745        1.02        0.38

746        0.92        0.38

747        0.92        0.38

748        0.92        0.38

749        0.92        0.38

750        0.81        0.38

751        0.92        0.38

752        0.92        0.38

753        0.92        0.38

754        0.92        0.38

755        0.92        0.38

756        0.92        0.38

757        0.92        0.38

758        0.92        0.38

759        0.92        0.38

760        0.81        0.38

761        0.92        0.38

762        0.92        0.38

763        0.92        0.38

764        0.92        0.38

765        0.92        0.38

766        0.92        0.38

767        0.92        0.38

768        0.92        0.38

769        0.92        0.38

770        0.92        0.38

771        0.92        0.38

772        0.92        0.38

773        0.92        0.38

774        0.92        0.38

775        0.92        0.38

776        0.92        0.38

777        0.92        0.38

778        0.92        0.38

779        0.92        0.38

780        0.92        0.38

781        0.92        0.38

782        0.81        0.38

783        0.92        0.38

784        0.92        0.38

785        0.92        0.38

786        0.92        0.38

787        0.92        0.38

788        0.92        0.38

789        0.92        0.38

790        0.92        0.38

791        0.81        0.38

792        0.81        0.38

793        0.92        0.38

794        0.92        0.38

795        0.92        0.38

796        0.92        0.38

797        0.92        0.38

798        0.92        0.38

799        0.92        0.38

800        0.92        0.38

801        0.92        0.38

802        0.92        0.38

803        0.92        0.38

804        0.92        0.38

805        0.92        0.38

806        0.81        0.38

807        0.92        0.38

808        0.92        0.38

809        0.92        0.38

810        0.92        0.38

811        0.92        0.38

812        0.92        0.38

813        0.92        0.38

814        0.92        0.38

815        0.92        0.38

816        0.92        0.38

817        0.92        0.38

818        0.92        0.38

819        0.92        0.38

820        0.81        0.38

821        0.92        0.38

822        0.92        0.38

823        0.92        0.38

824        0.92        0.38

825        0.92        0.38

826        0.92        0.38

827        0.92        0.38

828        0.81        0.38

829        0.92        0.38

830        0.92        0.38

831        0.92        0.38

832        0.92        0.38

833        0.92        0.38

834        0.81        0.38

835        0.92        0.38