1        1.32        0.00

2        1.12        0.00

3        1.32        0.00

4        1.12        0.00

5        1.32        0.00

6        1.12        0.00

7        1.32        0.00

8        1.12        0.00

9        1.42        0.00

10        1.22        0.00

11        1.42        0.00

12        1.12        0.00

13        1.42        0.00

14        1.22        0.00

15        1.42        0.00

16        1.12        0.00

17        1.32        0.00

18        1.12        0.00

19        1.42        0.00

20        1.22        0.00

21        1.32        0.00

22        1.12        0.00

23        1.42        0.00

24        1.22        0.00

25        1.42        0.00

26        1.22        0.00

27        1.42        0.00

28        1.22        0.00

29        1.42        0.00

30        1.22        0.00

31        1.42        0.00

32        1.22        0.00

33        1.32        0.00

34        1.22        0.00

35        1.42        0.00

36        1.22        0.00

37        1.42        0.00

38        1.22        0.00

39        1.42        0.00

40        1.22        0.00

41        1.42        0.00

42        1.22        0.00

43        1.42        0.00

44        1.22        0.00

45        1.42        0.00

46        1.22        0.00

47        1.42        0.00

48        1.22        0.00

49        1.42        0.00

50        1.22        0.00

51        1.42        0.00

52        1.22        0.00

53        1.42        0.00

54        1.22        0.00

55        1.42        0.00

56        1.22        0.00

57        1.42        0.00

58        1.22        0.00

59        1.42        0.00

60        1.22        0.00

61        1.42        0.00

62        1.22        0.00

63        1.42        0.00

64        1.12        0.00

65        1.42        0.00

66        1.22        0.00

67        1.42        0.00

68        1.22        0.00

69        1.42        0.00

70        1.22        0.00

71        1.42        0.00

72        1.22        0.00

73        1.42        0.00

74        1.22        0.00

75        1.42        0.00

76        1.22        0.00

77        1.42        0.00

78        1.22        0.00

79        1.42        0.00

80        1.22        0.00

81        1.42        0.00

82        1.22        0.00

83        1.42        0.00

84        1.22        0.00

85        1.42        0.00

86        1.22        0.00

87        1.42        0.00

88        1.22        0.00

89        1.42        0.00

90        1.22        0.00

91        1.42        0.00

92        1.22        0.00

93        1.42        0.00

94        1.22        0.00

95        1.42        0.00

96        1.22        0.00

97        1.42        0.00

98        1.22        0.00

99        1.42        0.00

100        1.22        0.00

101        1.42        0.00

102        1.22        0.00

103        1.42        0.00

104        1.22        -8.33E-5

105        1.42        -2.50E-4

106        1.22        -4.17E-4

107        1.42        -5.83E-4

108        1.22        -7.50E-4

109        1.42        -9.17E-4

110        1.22        0.00

111        1.42        0.00

112        1.22        0.00

113        1.42        0.00

114        1.22        0.00

115        1.42        0.00

116        1.22        0.00

117        1.42        0.00

118        1.22        0.00

119        1.42        0.00

120        1.22        0.00

121        1.42        0.00

122        1.22        0.00

123        1.32        0.00

124        1.22        0.00

125        1.42        0.00

126        1.22        0.00

127        1.42        0.00

128        1.22        0.00

129        1.42        0.00

130        1.22        0.00

131        1.42        0.00

132        1.22        0.00

133        1.42        -0.01

134        1.22        -0.01

135        1.42        -0.01

136        1.22        -0.01

137        1.42        -0.01

138        1.22        -0.01

139        1.42        -0.01

140        1.22        -0.01

141        1.42        -0.01

142        1.22        -0.01

143        1.42        -0.01

144        1.22        -0.01

145        1.42        -0.01

146        1.22        -0.01

147        1.42        -0.01

148        1.22        -0.01

149        1.42        -0.01

150        1.22        -0.01

151        1.42        -0.01

152        1.22        -0.01

153        1.42        -0.01

154        1.22        -0.01

155        1.42        -0.01

156        1.22        -0.01

157        1.42        -0.01

158        1.22        -0.01

159        1.42        -0.02

160        1.22        -0.02

161        1.42        -0.02

162        1.22        -0.02

163        1.32        -0.02

164        1.22        -0.02

165        1.42        -0.02

166        1.12        -0.02

167        1.42        -0.02

168        1.22        -0.02

169        1.42        -0.02

170        1.22        -0.02

171        1.32        -0.02

172        1.22        -0.02

173        1.32        -0.02

174        1.22        -0.02

175        1.32        -0.02

176        1.22        -0.02

177        1.42        -0.02

178        1.22        -0.02

179        1.42        -0.02

180        1.22        -0.02

181        1.42        -0.03

182        1.22        -0.03

183        1.42        -0.03

184        1.22        -0.03

185        1.42        -0.03

186        1.22        -0.03

187        1.32        -0.03

188        1.22        -0.03

189        1.42        -0.03

190        1.22        -0.03

191        1.42        -0.03

192        1.22        -0.03

193        1.42        -0.03

194        1.12        -0.03

195        1.32        -0.03

196        1.22        -0.04

197        1.42        -0.04

198        1.22        -0.04

199        1.42        -0.04

200        1.22        -0.04

201        1.32        -0.04

202        1.22        -0.04

203        1.42        -0.04

204        1.22        -0.04

205        1.32        -0.04

206        1.22        -0.04

207        1.32        -0.04

208        1.22        -0.04

209        1.32        -0.04

210        1.22        -0.05

211        1.32        -0.05

212        1.22        -0.05

213        1.32        -0.05

214        1.12        -0.05

215        1.32        -0.05

216        1.12        -0.05

217        1.32        -0.05

218        1.12        -0.05

219        1.32        -0.05

220        1.12        -0.05

221        1.32        -0.05

222        1.12        -0.05

223        1.32        -0.06

224        1.12        -0.06

225        1.32        -0.06

226        1.12        -0.06

227        1.32        -0.06

228        1.12        -0.06

229        1.32        -0.06

230        1.12        -0.06

231        1.32        -0.06

232        1.12        -0.06

233        1.32        -0.06

234        1.12        -0.06

235        1.32        -0.06

236        1.12        -0.06

237        1.32        -0.06

238        1.12        -0.06

239        1.32        -0.06

240        1.12        -0.06

241        1.32        -0.07

242        1.12        -0.07

243        1.22        -0.07

244        1.02        -0.07

245        1.22        -0.07

246        1.02        -0.07

247        1.22        -0.07

248        1.02        -0.07

249        1.22        -0.07

250        1.12        -0.07

251        1.22        -0.07

252        1.12        -0.07

253        1.32        -0.07

254        1.12        -0.07

255        1.32        -0.07

256        1.12        -0.07

257        1.22        -0.07

258        1.12        -0.07

259        1.32        -0.07

260        1.12        -0.07

261        1.32        -0.07

262        1.12        -0.07

263        1.32        -0.07

264        1.12        -0.08

265        1.32        -0.08

266        1.12        -0.08

267        1.32        -0.08

268        1.12        -0.08

269        1.32        -0.08

270        1.12        -0.08

271        1.32        -0.08

272        1.22        -0.08

273        1.32        -0.08

274        1.22        -0.08

275        1.32        -0.08

276        1.22        -0.08

277        1.32        -0.08

278        1.22        -0.08

279        1.32        -0.09

280        1.22        -0.09

281        1.42        -0.09

282        1.22        -0.09

283        1.42        -0.09

284        1.22        -0.09

285        1.42        -0.09

286        1.22        -0.09

287        1.42        -0.09

288        1.22        -0.09

289        1.42        -0.09

290        1.22        -0.09

291        1.42        -0.09

292        1.22        -0.09

293        1.42        -0.09

294        1.22        -0.09

295        1.42        -0.09

296        1.22        -0.09

297        1.42        -0.10

298        1.22        -0.10

299        1.42        -0.10

300        1.22        -0.10

301        1.42        -0.10

302        1.22        -0.10

303        1.42        -0.10

304        1.22        -0.10

305        1.42        -0.10

306        1.22        -0.10

307        1.32        -0.10

308        1.22        -0.10

309        1.42        -0.10

310        1.22        -0.10

311        1.42        -0.10

312        1.22        -0.10

313        1.42        -0.10

314        1.22        -0.11

315        1.42        -0.11

316        1.22        -0.11

317        1.42        -0.11

318        1.22        -0.11

319        1.42        -0.11

320        1.22        -0.11

321        1.42        -0.11

322        1.22        -0.11

323        1.42        -0.11

324        1.22        -0.11

325        1.42        -0.11

326        1.22        -0.11

327        1.42        -0.11

328        1.22        -0.12

329        1.32        -0.12

330        1.22        -0.12

331        1.42        -0.12

332        1.22        -0.12

333        1.32        -0.12

334        1.22        -0.12

335        1.42        -0.12

336        1.22        -0.12

337        1.42        -0.12

338        1.22        -0.12

339        1.42        -0.12

340        1.22        -0.12

341        1.42        -0.12

342        1.32        -0.12

343        1.42        -0.12

344        1.32        -0.12

345        1.42        -0.13

346        1.22        -0.13

347        1.42        -0.13

348        1.32        -0.13

349        1.42        -0.13

350        1.22        -0.13

351        1.42        -0.13

352        1.22        -0.13

353        1.42        -0.13

354        1.22        -0.13

355        1.42        -0.13

356        1.22        -0.13

357        1.42        -0.13

358        1.22        -0.13

359        1.42        -0.13

360        1.22        -0.13

361        1.32        -0.13

362        1.22        -0.13

363        1.32        -0.13

364        1.22        -0.13

365        1.42        -0.13

366        1.22        -0.13

367        1.42        -0.13

368        1.22        -0.13

369        1.42        -0.14

370        1.22        -0.14

371        1.42        -0.14

372        1.22        -0.14

373        1.42        -0.14

374        1.32        -0.14

375        1.53        -0.14

376        1.32        -0.14

377        1.53        -0.14

378        1.32        -0.14

379        1.53        -0.14

380        1.32        -0.14

381        1.53        -0.14

382        1.42        -0.14

383        1.53        -0.14

384        1.32        -0.14

385        1.53        -0.14

386        1.32        -0.14

387        1.53        -0.14

388        1.32        -0.14

389        1.42        -0.15

390        1.22        -0.15

391        1.42        -0.15

392        1.22        -0.15

393        1.42        -0.15

394        1.22        -0.15

395        1.42        -0.15

396        1.22        -0.15

397        1.32        -0.15

398        1.22        -0.15

399        1.32        -0.15

400        1.22        -0.15

401        1.32        -0.15

402        1.22        -0.15

403        1.42        -0.15

404        1.22        -0.15

405        1.42        -0.15

406        1.32        -0.15

407        1.53        -0.15

408        1.32        -0.15

409        1.53        -0.15

410        1.42        -0.15

411        1.63        -0.15

412        1.42        -0.15

413        1.63        -0.16

414        1.53        -0.16

415        1.63        -0.16

416        1.53        -0.16

417        1.73        -0.16

418        1.53        -0.16

419        1.73        -0.16

420        1.53        -0.16

421        1.73        -0.16

422        1.53        -0.16

423        1.73        -0.16

424        1.53        -0.16

425        1.73        -0.16

426        1.53        -0.16

427        1.63        -0.16

428        1.53        -0.16

429        1.63        -0.16

430        1.42        -0.16

431        1.63        -0.16

432        1.32        -0.16

433        1.53        -0.16

434        1.32        -0.16

435        1.53        -0.16

436        1.32        -0.16

437        1.42        -0.16

438        1.32        -0.16

439        1.42        -0.16

440        1.22        -0.17

441        1.42        -0.17

442        1.22        -0.17

443        1.42        -0.17

444        1.32        -0.17

445        1.53        -0.17

446        1.32        -0.17

447        1.53        -0.17

448        1.42        -0.17

449        1.63        -0.17

450        1.42        -0.17

451        1.63        -0.17

452        1.53        -0.17

453        1.73        -0.17

454        1.63        -0.17

455        1.83        -0.17

456        1.73        -0.17

457        1.93        -0.17

458        1.73        -0.17

459        1.93        -0.17

460        1.83        -0.17

461        2.04        -0.17

462        1.83        -0.17

463        2.04        -0.17

464        1.83        -0.17

465        2.04        -0.17

466        1.83        -0.17

467        2.04        -0.18

468        1.83        -0.18

469        1.93        -0.18

470        1.83        -0.18

471        1.93        -0.18

472        1.73        -0.18

473        1.83        -0.18

474        1.63        -0.18

475        1.73        -0.18

476        1.53        -0.18  #######---MIN

477        1.73        -0.18

478        1.53        -0.18

479        1.63        -0.18

480        1.53        -0.18

481        1.73        -0.18

482        1.53        -0.18

483        1.73        -0.18

484        1.63        -0.18

485        1.83        -0.18

486        1.73        -0.18

487        2.04        -0.18

488        1.93        -0.18

489        2.24        -0.18

490        2.14        -0.19

491        2.44        -0.19

492        2.44        -0.19

493        2.65        -0.19

494        2.65        -0.19

495        2.95        -0.19

496        2.85        -0.19

497        3.16        -0.19

498        3.16        -0.19

499        3.36        -0.19

500        3.26        -0.19

501        3.46        -0.19

502        3.36        -0.19

503        3.56        -0.19 #####---MAX

504        3.36        -0.19

505        3.46        -0.19

506        3.16        -0.19

507        3.26        -0.19

508        2.95        -0.19

509        2.95        -0.19

510        2.54        -0.19

511        2.44        -0.19

512        2.14        -0.20

513        2.14        -0.20

514        1.83        -0.20

515        1.93        -0.20

516        1.83        -0.20  ######---MİN

517        2.14        -0.20

518        2.34        -0.20

519        2.95        -0.20

520        3.36        -0.20

521        4.27        -0.20

522        4.99        -0.20

523        6.11        -0.20

524        7.02        -0.20

525        8.45        -0.20

526        9.67        -0.20

527        11.30        -0.20

528        12.72        -0.20

529        14.55        -0.20

530        16.18        -0.20

531        18.32        -0.21

532        20.15        -0.21

533        22.39        -0.21

534        24.33        -0.21

535        26.56        -0.21

536        28.40        -0.21

537        30.64        -0.21

538        32.47        -0.21

539        34.50        -0.21

540        36.13        -0.21

541        37.66        -0.21

542        38.68        -0.21

543        39.90        -0.21

544        40.51        -0.21

545        41.12        -0.21

546        41.22        -0.21

547        41.42        -0.21 ########--MAX

548        41.12        -0.21

549        41.12        -0.21

550        40.81        -0.21   

551        40.71        -0.21

552        40.00        -0.21

553        39.69        -0.22

554        38.78        -0.22

555        38.07        -0.22

556        36.95        -0.22

557        36.03        -0.22

558        34.71        -0.22

559        33.59        -0.22

560        32.26        -0.22

561        31.15        -0.22

562        29.62        -0.22

563        28.40        -0.22

564        26.87        -0.22

565        25.65        -0.22

566        23.92        -0.22

567        22.49        -0.22

568        20.87        -0.22

569        19.44        -0.22

570        17.81        -0.22

571        16.49        -0.22

572        14.86        -0.22

573        13.54        -0.22

574        12.01        -0.22

575        10.79        -0.22

576        9.47        -0.22

577        8.45        -0.22

578        7.33        -0.22

579        6.51        -0.23

580        5.60        -0.23

581        4.99        -0.23

582        4.17        -0.23

583        3.87        -0.23

584        3.26        -0.23

585        2.95        -0.23

586        2.54        -0.23

587        2.34        -0.23

588        2.04        -0.23

589        2.14        -0.23

590        1.83        -0.23

591        2.04        -0.23

592        1.83        -0.23

593        2.04        -0.23

594        1.93        -0.23

595        2.24        -0.23

596        2.14        -0.23

597        2.44        -0.23

598        2.34        -0.23

599        2.65        -0.23

600        2.65        -0.23

601        2.95        -0.23

602        2.85        -0.23

603        3.05        -0.23

604        3.05        -0.23

605        3.26        -0.23

606        3.16        -0.23

607        3.36        -0.23

608        3.26        -0.24

609        3.46        -0.24

610        3.36        -0.24

611        3.56        -0.24

612        3.36        -0.24

613        3.46        -0.24

614        3.36        -0.24

615        3.36        -0.24

616        3.16        -0.24

617        3.26        -0.24

618        3.05        -0.24

619        3.05        -0.24

620        2.85        -0.24

621        2.85        -0.24

622        2.54        -0.24

623        2.54        -0.24

624        2.24        -0.24

625        2.34        -0.24

626        2.04        -0.24

627        2.04        -0.24

628        1.83        -0.24

629        1.83        -0.24

630        1.63        -0.24

631        1.73        -0.24

632        1.53        -0.24

633        1.63        -0.24

634        1.42        -0.24

635        1.63        -0.25

636        1.42        -0.25

637        1.63        -0.25

638        1.42        -0.25

639        1.63        -0.25

640        1.53        -0.25

641        1.63        -0.25

642        1.53        -0.25

643        1.73        -0.25

644        1.53        -0.25

645        1.73        -0.25

646        1.63        -0.25

647        1.83        -0.25

648        1.73        -0.25

649        1.83        -0.25

650        1.83        -0.25

651        1.93        -0.25

652        1.83        -0.25

653        2.04        -0.25

654        1.83        -0.25

655        2.04        -0.25

656        1.93        -0.25

657        2.04        -0.25

658        1.93        -0.25

659        2.04        -0.25

660        1.83        -0.25

661        2.04        -0.25

662        1.83        -0.25

663        1.93        -0.25

664        1.73        -0.26

665        1.93        -0.26

666        1.73        -0.26

667        1.83        -0.26

668        1.63        -0.26

669        1.83        -0.26

670        1.53        -0.26

671        1.73        -0.26

672        1.53        -0.26

673        1.63        -0.26

674        1.42        -0.26

675        1.53        -0.26

676        1.42        -0.26

677        1.53        -0.26

678        1.32        -0.26

679        1.53        -0.26

680        1.32        -0.26

681        1.53        -0.26

682        1.32        -0.26

683        1.53        -0.26

684        1.32        -0.26

685        1.53        -0.26

686        1.42        -0.26

687        1.53        -0.26

688        1.42        -0.26

689        1.63        -0.26

690        1.42        -0.26

691        1.63        -0.26

692        1.53        -0.26

693        1.73        -0.27

694        1.63        -0.27

695        1.73        -0.27

696        1.63        -0.27

697        1.73        -0.27

698        1.63        -0.27

699        1.73        -0.27

700        1.63        -0.27

701        1.83        -0.27

702        1.63        -0.27

703        1.83        -0.27

704        1.63        -0.27

705        1.83        -0.27

706        1.63        -0.27

707        1.73        -0.27

708        1.63        -0.27

709        1.73        -0.27

710        1.53        -0.27

711        1.63        -0.27

712        1.53        -0.27

713        1.63        -0.27

714        1.53        -0.27

715        1.63        -0.27

716        1.42        -0.27

717        1.53        -0.27

718        1.42        -0.27

719        1.53        -0.27

720        1.32        -0.28

721        1.53        -0.28

722        1.32        -0.28

723        1.53        -0.28

724        1.32        -0.28

725        1.53        -0.28

726        1.32        -0.28

727        1.42        -0.28

728        1.32        -0.28

729        1.42        -0.28

730        1.32        -0.28

731        1.53        -0.28

732        1.32        -0.28

733        1.42        -0.28

734        1.32        -0.28

735        1.53        -0.28

736        1.32        -0.28

737        1.53        -0.28

738        1.32        -0.28

739        1.53        -0.28

740        1.42        -0.28

741        1.53        -0.28

742        1.42        -0.28

743        1.53        -0.28

744        1.42        -0.28

745        1.63        -0.28

746        1.53        -0.28

747        1.63        -0.28

748        1.53        -0.29

749        1.63        -0.29

750        1.42        -0.29

751        1.63        -0.29

752        1.42        -0.29

753        1.63        -0.29

754        1.42        -0.29

755        1.53        -0.29

756        1.42        -0.29

757        1.53        -0.29

758        1.42        -0.29

759        1.53        -0.29

760        1.32        -0.29

761        1.53        -0.29

762        1.32        -0.29

763        1.53        -0.29

764        1.32        -0.29

765        1.53        -0.29

766        1.32        -0.29

767        1.53        -0.29

768        1.32        -0.29

769        1.42        -0.29

770        1.32        -0.30

771        1.42        -0.30

772        1.32        -0.30

773        1.53        -0.30

774        1.32        -0.30

775        1.53        -0.30

776        1.32        -0.30

777        1.53        -0.30

778        1.42        -0.30

779        1.53        -0.30

780        1.42        -0.30

781        1.53        -0.30

782        1.42        -0.30

783        1.53        -0.30

784        1.42        -0.30

785        1.53        -0.31

786        1.32        -0.31

787        1.53        -0.31

788        1.32        -0.31

789        1.53        -0.31

790        1.32        -0.31

791        1.42        -0.31

792        1.32        -0.31

793        1.53        -0.31

794        1.32        -0.31

795        1.53        -0.31

796        1.32        -0.31

797        1.53        -0.31

798        1.42        -0.31

799        1.53        -0.31

800        1.42        -0.32

801        1.53        -0.32

802        1.42        -0.32

803        1.53        -0.32

804        1.42        -0.32

805        1.53        -0.32

806        1.42        -0.32

807        1.63        -0.32

808        1.42        -0.32

809        1.53        -0.32

810        1.42        -0.32

811        1.53        -0.32

812        1.42        -0.32

813        1.53        -0.32

814        1.42        -0.32

815        1.53        -0.32

816        1.42        -0.32

817        1.53        -0.32

818        1.42        -0.32

819        1.53        -0.32

820        1.42        -0.32

821        1.53        -0.32

822        1.42        -0.32

823        1.53        -0.32

824        1.42        -0.32

825        1.53        -0.32

826        1.32        -0.32

827        1.53        -0.32

828        1.32        -0.32

829        1.53        -0.33

830        1.32        -0.33

831        1.53        -0.33

832        1.32        -0.33

833        1.53        -0.33

834        1.32        -0.33

835        1.53        -0.33

836        1.32        -0.33

837        1.53        -0.33

838        1.32        -0.33

839        1.53        -0.33

840        1.32        -0.33

841        1.53        -0.33

842        1.32        -0.33

843        1.53        -0.33

844        1.42        -0.33

845        1.53        -0.33

846        1.42        -0.33

847        1.53        -0.33

848        1.42        -0.33

849        1.53        -0.33

850        1.42        -0.33

851        1.53        -0.33

852        1.42        -0.33

853        1.53        -0.33

854        1.42        -0.34

855        1.53        -0.34

856        1.32        -0.34

857        1.53        -0.34

858        1.42        -0.34

859        1.53        -0.34

860        1.32        -0.34

861        1.53        -0.34

862        1.32        -0.34

863        1.53        -0.34

864        1.32        -0.34

865        1.53        -0.34

866        1.42        -0.34

867        1.53        -0.34

868        1.32        -0.34

869        1.53        -0.34

870        1.32        -0.34

871        1.53        -0.34

872        1.42        -0.34

873        1.53        -0.34

874        1.32        -0.34

875        1.53        -0.35

876        1.32        -0.35

877        1.53        -0.35

878        1.32        -0.35

879        1.53        -0.35

880        1.42        -0.35

881        1.53        -0.35

882        1.42        -0.35

883        1.53        -0.35

884        1.42        -0.35

885        1.53        -0.35

886        1.42        -0.35

887        1.53        -0.35

888        1.42        -0.35

889        1.53        -0.35

890        1.42        -0.35

891        1.53        -0.35

892        1.32        -0.36

893        1.53        -0.36

894        1.42        -0.36

895        1.53        -0.36

896        1.42        -0.36

897        1.53        -0.36

898        1.42        -0.36

899        1.53        -0.36

900        1.42        -0.36

901        1.53        -0.36

902        1.32        -0.36

903        1.53        -0.36

904        1.42        -0.36

905        1.53        -0.36

906        1.42        -0.36

907        1.53        -0.37

908        1.42        -0.37

909        1.53        -0.37

910        1.42        -0.37

911        1.53        -0.37

912        1.42        -0.37

913        1.53        -0.37

914        1.32        -0.37

915        1.53        -0.37

916        1.42        -0.37

917        1.42        -0.37

918        1.32        -0.37

919        1.42        -0.37

920        1.32        -0.37

921        1.42        -0.37

922        1.32        -0.37

923        1.42        -0.37

924        1.32        -0.37

925        1.42        -0.37

926        1.32        -0.37

927        1.42        -0.37

928        1.32        -0.37

929        1.42        -0.37

930        1.32        -0.37

931        1.42        -0.37

932        1.32        -0.38

933        1.42        -0.38

934        1.32        -0.38

935        1.42        -0.38

936        1.32        -0.38

937        1.42        -0.38

938        1.32        -0.38

939        1.42        -0.38

940        1.32        -0.38

941        1.42        -0.38

942        1.32        -0.38

943        1.42        -0.38

944        1.32        -0.38

945        1.42        -0.38

946        1.32        -0.38

947        1.42        -0.38

948        1.32        -0.38

949        1.42        -0.38

950        1.32        -0.38

951        1.42        -0.38

952        1.32        -0.38

953        1.42        -0.38

954        1.32        -0.38

955        1.42        -0.38

956        1.32        -0.38

957        1.42        -0.38

958        1.32        -0.38

959        1.42        -0.38

960        1.32        -0.38

961        1.42        -0.38

962        1.32        -0.38

963        1.42        -0.38

964        1.32        -0.38

965        1.42        -0.38

966        1.32        -0.38

967        1.42        -0.38

968        1.32        -0.38

969        1.42        -0.38

970        1.32        -0.38

971        1.42        -0.38

972        1.32        -0.38

973        1.42        -0.38

974        1.32        -0.38

975        1.42        -0.38

976        1.32        -0.38

977        1.42        -0.38

978        1.32        -0.38

979        1.42        -0.38

980        1.32        -0.38

981        1.32        -0.38

982        1.32        -0.38

983        1.42        -0.38

984        1.22        -0.38

985        1.42        -0.38

986        1.22        -0.38

987        1.42        -0.38

988        1.22        -0.38

989        1.42        -0.38

990        1.22        -0.38

991        1.32        -0.38

992        1.22        -0.38

993        1.32        -0.38

994        1.22        -0.38

995        1.32        -0.38