1        11.5        0.000

2        11.5        0.000

3        11.5        0.000

4        11.5        0.000

5        11.5        0.000

6        11.5        0.000

7        11.5        0.000

8        11.5        0.000

9        11.5        0.000

10        11.5        0.000

11        11.2        -0.036

12        10.2        -0.118

13        8.9        -0.214

14        7.7        -0.294

15        6.3        -0.394

16        5.9        -0.416

17        5.9        -0.415

18        5.9        -0.415

19        5.8        -0.418

20        4.8        -0.487

21        3.5        -0.591

22        2.2        -0.705

23        1.6        -0.782

24        1.0        -0.853

25        0.6        -0.961

26        0.6        -0.964

27        0.6        -0.964

28        0.6        -0.966

29        0.5        -1.137

30        0.9        -1.275

31        1.8        -1.400

32        2.8        -1.521

33        3.8        -1.612

34        4.6        -1.687

35        4.7        -1.706

36        4.7        -1.706

37        4.7        -1.706

38        5.4        -1.720

39        6.5        -1.907

40        8.9        -2.102

41        11.0        -2.286

42        12.6        -2.443

43        12.8        -2.447

44        12.8        -2.447

45        12.8        -2.447

46        12.8        -2.447

47        13.6        -2.584

48        13.6        -2.788

49        12.8        -2.948

50        11.7        -3.077

51        10.2        -3.211

52        9.1        -3.319

53        9.0        -3.325

54        9.0        -3.325

55        9.0        -3.325

56        8.8        -3.329

57        7.0        -3.453

58        5.3        -3.567

59        3.8        -3.679

60        3.3        -3.767

61        2.4        -3.853

62        1.4        -3.955

63        1.0        -4.026

64        0.9        -4.026

65        0.9        -4.026

66        0.9        -4.028

67        0.4        -4.177

68        0.7        -4.353

69        1.1        -4.448

70        1.3        -4.513

71        1.9        -4.598

72        2.9        -4.703

73        4.0        -4.808

74        4.5        -4.836

75        4.5        -4.836

76        4.5        -4.836

77        5.5        -4.931

78        7.0        -5.053

79        8.1        -5.143

80        9.0        -5.220

81        9.7        -5.275

82        10.3        -5.328

83        11.4        -5.438

84        11.8        -5.477

85        11.8        -5.477

86        11.8        -5.477

87        12.2        -5.529

88        13.1        -5.666

89        13.6        -5.792

90        13.8        -5.862

91        13.7        -5.963

92        13.4        -6.057

93        13.1        -6.120

94        13.0        -6.123

95        13.0        -6.123

96        13.0        -6.123

97        12.7        -6.178

98        11.8        -6.275

99        11.0        -6.348

100        10.2        -6.412

101        9.2        -6.486

102        8.4        -6.547

103        7.3        -6.619

104        6.0        -6.717

105        5.3        -6.753

106        5.3        -6.751

107        5.3        -6.751

108        5.3        -6.753

109        3.4        -6.904

110        2.0        -7.039

111        1.4        -7.106

112        0.9        -7.174

113        0.5        -7.288

114        0.4        -7.397

115        0.5        -7.474

116        0.5        -7.474

117        0.5        -7.474

118        0.6        -7.474

119        1.1        -7.598

120        1.9        -7.717

121        2.5        -7.796

122        3.0        -7.838

123        3.8        -7.915

124        4.7        -7.988

125        5.6        -8.069

126        6.4        -8.138

127        7.0        -8.189

128        7.4        -8.225

129        7.7        -8.251

130        7.7        -8.251

131        7.7        -8.251

132        7.7        -8.251

133        7.7        -8.251