1        0.078        0.000

2        0.078        0.000

3        0.078        0.000

4        0.081        0.006

5        0.113        0.060

6        0.225        0.203

7        0.301        0.369

8        0.459        0.529

9        0.517        0.581

10        0.516        0.580

11        0.515        0.580

12        0.518        0.584

13        0.621        0.726

14        0.763        0.898

15        0.846        1.038

16        0.852        1.054

17        0.854        1.054

18        0.854        1.054

19        0.869        1.107

20        0.908        1.286

21        0.876        1.491

22        0.855        1.565

23        0.856        1.565

24        0.856        1.565

25        0.842        1.596

26        0.717        1.791

27        0.536        2.026

28        0.499        2.099

29        0.501        2.097

30        0.502        2.097

31        0.481        2.111

32        0.345        2.234

33        0.134        2.485

34        0.077        2.672

35        0.073        2.669

36        0.073        2.669

37        0.063        2.672

38        0.038        2.801

39        0.048        3.055

40        0.114        3.214

41        0.113        3.212

42        0.112        3.212

43        0.127        3.223

44        0.294        3.420

45        0.417        3.668

46        0.537        3.745

47        0.537        3.743

48        0.537        3.743

49        0.583        3.768

50        0.675        3.985

51        0.864        4.238

52        0.902        4.277

53        0.906        4.277

54        0.907        4.277

55        0.907        4.288

56        0.929        4.463

57        0.890        4.730

58        0.821        4.849

59        0.821        4.849

60        0.821        4.849

61        0.811        4.891

62        0.645        5.140

63        0.378        5.404

64        0.317        5.457

65        0.318        5.455

66        0.318        5.455

67        0.298        5.503

68        0.140        5.718

69        0.025        6.004

70        0.022        6.051

71        0.022        6.049

72        0.022        6.049

73        0.033        6.112

74        0.088        6.387

75        0.298        6.646

76        0.367        6.709

77        0.367        6.707

78        0.366        6.707

79        0.376        6.736

80        0.594        7.004

81        0.807        7.265

82        0.837        7.315

83        0.837        7.315

84        0.837        7.315

85        0.859        7.383

86        0.907        7.636

87        0.838        7.892

88        0.823        7.933

89        0.824        7.931

90        0.824        7.931

91        0.814        7.955

92        0.637        8.215

93        0.449        8.440

94        0.438        8.463

95        0.438        8.462

96        0.437        8.462

97        0.293        8.621

98        0.054        8.988

99        0.028        9.129

100        0.027        9.128

101        0.026        9.128

102        0.023        9.158

103        0.041        9.370

104        0.255        9.720

105        0.337        9.817

106        0.336        9.816

107        0.335        9.816

108        0.356        9.850

109        0.654        10.193

110        0.841        10.447

111        0.857        10.473

112        0.857        10.473

113        0.856        10.473

114        0.897        10.598

115        0.906        10.941

116        0.829        11.129

117        0.830        11.131

118        0.829        11.131

119        0.826        11.132

120        0.701        11.303

121        0.461        11.570

122        0.339        11.729

123        0.340        11.729

124        0.340        11.729

125        0.319        11.753

126        0.118        11.999

127        0.024        12.343

128        0.030        12.442

129        0.030        12.442

130        0.030        12.442

131        0.031        12.447

132        0.144        12.728

133        0.440        13.078

134        0.477        13.127

135        0.475        13.126

136        0.476        13.126

137        0.520        13.179

138        0.762        13.460

139        0.902        13.766

140        0.912        13.867

141        0.912        13.867

142        0.912        13.867

143        0.904        13.988

144        0.809        14.224

145        0.628        14.473

146        0.586        14.583

147        0.592        14.582

148        0.589        14.582

149        0.444        14.739

150        0.187        15.029

151        0.063        15.270

152        0.063        15.284

153        0.063        15.284

154        0.060        15.284

155        0.036        15.439

156        0.093        15.791

157        0.173        15.903

158        0.173        15.903

159        0.172        15.903

160        0.174        15.903

161        0.263        16.027

162        0.538        16.288

163        0.799        16.671

164        0.803        16.683

165        0.812        16.694

166        0.811        16.694