1        0.000        14.3

2        0.000        14.3

3        0.000        14.3

4        0.000        14.3

5        0.000        14.3

6        0.000        14.3

7        0.000        14.3

8        0.000        14.3

9        0.000        14.3

10        0.000        14.3

11        0.000        14.3

12        0.000        14.3

13        0.000        14.3

14        0.000        14.3

15        0.000        14.3

16        0.000        14.3

17        0.000        14.3

18        0.000        14.3

19        0.000        14.3

20        0.000        14.3

21        0.000        14.3

22        0.000        14.3

23        0.000        14.3

24        0.000        14.3

25        0.000        14.3

26        0.000        14.3

27        0.000        14.3

28        0.000        14.3

29        0.000        14.3

30        0.000        14.3

31        0.000        14.3

32        0.000        14.3

33        0.000        14.3

34        0.000        14.2

35        0.017        14.2

36        0.035        14.1

37        0.052        14.0

38        0.087        13.9

39        0.105        13.8

40        0.140        13.6

41        0.157        13.5

42        0.192        13.3

43        0.227        13.1

44        0.262        12.9

45        0.314        12.6

46        0.349        12.2

47        0.384        11.9

48        0.419        11.4

49        0.471        10.9

50        0.506        10.3

51        0.541        9.8

52        0.576        9.3

53        0.593        8.8

54        0.628        8.3

55        0.663        7.8

56        0.716        7.3

57        0.733        6.8

58        0.768        6.3

59        0.803        5.8

60        0.838        5.4

61        0.873        4.9

62        0.908        4.6

63        0.925        4.2

64        0.960        3.9

65        0.977        3.6

66        1.012        3.2

67        1.047        2.8

68        1.082        2.5

69        1.117        2.2

70        1.152        1.9

71        1.187        1.6

72        1.204        1.4

73        1.239        1.2

74        1.274        0.9

75        1.309        0.7

76        1.361        0.5

77        1.396        0.4

78        1.414        0.3

79        1.449        0.2

80        1.484        0.2

81        1.518        0.1

82        1.553        0.1

83        1.588        0.1

84        1.623        0.1

85        1.658        0.2

86        1.693        0.3

87        1.728        0.4

88        1.763        0.6

89        1.798        0.8

90        1.850        1.1

91        1.885        1.5

92        1.955        1.7

93        2.007        2.0

94        2.042        2.4

95        2.077        2.9

96        2.129        3.4

97        2.164        3.9

98        2.199        4.4

99        2.251        4.9

100        2.286        5.5

101        2.339        6.1

102        2.391        6.8

103        2.426        7.5

104        2.478        8.1

105        2.513        8.8

106        2.548        9.2

107        2.566        9.6

108        2.601        10.2

109        2.653        10.7

110        2.688        11.3

111        2.723        11.8

112        2.775        12.3

113        2.827        12.9

114        2.862        13.1

115        2.897        13.3

116        2.932        13.7

117        2.967        14.0

118        3.002        14.2

119        3.054        14.3

120        3.107        14.5

121        3.142        14.6

122        3.194        14.6

123        3.246        14.5

124        3.299        14.3

125        3.351        14.2

126        3.403        13.7

127        3.473        13.3

128        3.508        12.8

129        3.560        12.3

130        3.613        11.7

131        3.665        11.1

132        3.700        10.6

133        3.735        10.1

134        3.770        9.4

135        3.822        8.8

136        3.857        8.2

137        3.910        7.6

138        3.944        6.9

139        3.979        6.3

140        4.032        5.7

141        4.067        5.1

142        4.119        4.5

143        4.154        4.0

144        4.189        3.5

145        4.224        3.0

146        4.276        2.5

147        4.328        2.1

148        4.363        1.8

149        4.381        1.4

150        4.416        1.2

151        4.451        0.9

152        4.485        0.7

153        4.520        0.5

154        4.555        0.4

155        4.590        0.2

156        4.643        0.1

157        4.677        0.1

158        4.730        0.1

159        4.765        0.1

160        4.782        0.1

161        4.817        0.2

162        4.852        0.3

163        4.904        0.5

164        4.957        0.7

165        4.974        1.0

166        5.027        1.4

167        5.079        1.8

168        5.114        2.3

169        5.166        2.7

170        5.201        3.2

171        5.253        3.8

172        5.288        4.2

173        5.306        4.6

174        5.341        5.0

175        5.376        5.5

176        5.411        6.1

177        5.445        6.7

178        5.480        7.3

179        5.515        7.8

180        5.550        8.5

181        5.603        9.1

182        5.637        9.8

183        5.690        10.4

184        5.742        11.1

185        5.777        11.7

186        5.847        12.4

187        5.917        13.0

188        5.986        13.5

189        6.039        14.0

190        6.109        14.1

191        6.161        14.3

192        6.213        14.3

193        6.248        14.3

194        6.283        14.1

195        6.318        14.0

196        6.353        13.9

197        6.388        13.7

198        6.423        13.5

199        6.458        13.2

200        6.493        12.9

201        6.528        12.6

202        6.562        12.2

203        6.597        11.9

204        6.632        11.4

205        6.685        11.0

206        6.720        10.4

207        6.772        9.9

208        6.824        9.2

209        6.877        8.4

210        6.929        7.7

211        6.981        6.9

212        7.034        6.2

213        7.103        5.4

214        7.138        4.9

215        7.173        4.3

216        7.226        3.7

217        7.278        3.1

218        7.330        2.7

219        7.365        2.3

220        7.400        2.1

221        7.453        1.9

222        7.522        1.4

223        7.575        0.9

224        7.610        0.7

225        7.662        0.5

226        7.714        0.3

227        7.749        0.2

228        7.802        0.1

229        7.837        0.1

230        7.889        0.1

231        7.924        0.2

232        7.959        0.3

233        7.994        0.4

234        8.046        0.5

235        8.081        0.6

236        8.116        0.8

237        8.151        1.0

238        8.186        1.4

239        8.255        1.8

240        8.308        2.3

241        8.343        2.8

242        8.395        3.4

243        8.447        4.0

244        8.517        4.8

245        8.570        5.6

246        8.622        6.4

247        8.674        7.1

248        8.727        7.8

249        8.779        8.5

250        8.814        9.2

251        8.866        9.8

252        8.901        10.4

253        8.954        11.0

254        8.988        11.6

255        9.041        12.2

256        9.093        12.6

257        9.146        13.1

258        9.198        13.6

259        9.268        14.0

260        9.303        14.2

261        9.338        14.4

262        9.372        14.5

263        9.425        14.6

264        9.512        14.5

265        9.582        14.4

266        9.617        14.1

267        9.669        13.8

268        9.721        13.3

269        9.791        12.8

270        9.861        12.0

271        9.913        11.3

272        9.948        10.7

273        10.001        10.1

274        10.036        9.5

275        10.088        8.9

276        10.123        8.2

277        10.175        7.5

278        10.228        6.7

279        10.280        6.0

280        10.332        5.3

281        10.385        4.5

282        10.437        3.8

283        10.489        3.1

284        10.559        2.6

285        10.577        2.1

286        10.629        1.7

287        10.664        1.3

288        10.716        1.0

289        10.769        0.7

290        10.821        0.4

291        10.873        0.2

292        10.908        0.2

293        10.961        0.1

294        11.013        0.1

295        11.065        0.1

296        11.100        0.2

297        11.135        0.3

298        11.170        0.5

299        11.205        0.7

300        11.257        1.0

301        11.292        1.3

302        11.345        1.7

303        11.380        2.1

304        11.414        2.6

305        11.467        3.1

306        11.502        3.6

307        11.554        4.1

308        11.589        4.7

309        11.624        5.3

310        11.676        5.8

311        11.711        6.3

312        11.729        6.9

313        11.763        7.4

314        11.816        8.2

315        11.868        8.9

316        11.921        9.5

317        11.955        10.1

318        11.990        10.7

319        12.025        11.2

320        12.078        11.9

321        12.147        12.6

322        12.182        13.0

323        12.235        13.4

324        12.287        13.7

325        12.357        14.1

326        12.409        14.2

327        12.479        14.3

328        12.531        14.1

329        12.601        13.9

330        12.671        13.5

331        12.741        13.1

332        12.793        12.7

333        12.828        12.3

334        12.863        12.0

335        12.898        11.7

336        12.933        11.2

337        12.985        10.6

338        13.038        10.0

339        13.090        9.3

340        13.142        8.6

341        13.195        7.8

342        13.264        7.0

343        13.317        6.1

344        13.387        5.3

345        13.456        4.4

346        13.526        3.5

347        13.596        2.6

348        13.666        2.3

349        13.718        2.0

350        13.788        1.5

351        13.858        1.0

352        13.910        0.7

353        13.963        0.4

354        14.032        0.3

355        14.085        0.1

356        14.189        0.2

357        14.259        0.3

358        14.329        0.6

359        14.364        0.9

360        14.451        1.4

361        14.504        1.8

362        14.556        2.5

363        14.626        3.2

364        14.696        4.0

365        14.765        4.8

366        14.835        5.9

367        14.905        7.0

368        14.992        8.0

369        15.045        8.9

370        15.115        9.9

371        15.184        10.8

372        15.237        11.5

373        15.289        12.2

374        15.359        12.8

375        15.411        13.4

376        15.464        13.7

377        15.516        14.0

378        15.551        14.2

379        15.603        14.4

380        15.638        14.5

381        15.673        14.6

382        15.725        14.5

383        15.795        14.5

384        15.865        14.0

385        15.935        13.6

386        16.022        13.2

387        16.040        12.8

388        16.092        12.0

389        16.162        11.2

390        16.249        10.2

391        16.319        9.2

392        16.389        8.3

393        16.441        7.4

394        16.493        6.5

395        16.563        5.6

396        16.615        5.0

397        16.650        4.3

398        16.703        3.6

399        16.755        2.8

400        16.860        2.3

401        16.947        1.8

402        17.017        1.3

403        17.087        0.7

404        17.157        0.4

405        17.226        0.1

406        17.261        0.1

407        17.296        0.1

408        17.331        0.2

409        17.383        0.2

410        17.418        0.4

411        17.453        0.5

412        17.488        0.8

413        17.541        1.1

414        17.593        1.3

415        17.645        1.6

416        17.680        2.0

417        17.715        2.4

418        17.750        2.8

419        17.785        3.3

420        17.837        3.9

421        17.890        4.6

422        17.959        5.4

423        18.012        6.3

424        18.082        7.3

425        18.151        8.3

426        18.221        9.3

427        18.291        10.4

428        18.361        11.3

429        18.431        12.1

430        18.466        12.6

431        18.518        13.1

432        18.588        13.5

433        18.640        14.0

434        18.692        14.1

435        18.745        14.3

436        18.797        14.3

437        18.867        14.2

438        18.919        13.9

439        18.972        13.7

440        19.007        13.4

441        19.059        13.1

442        19.094        12.8

443        19.111        12.6

444        19.111        12.6

445        19.111        12.6

446        19.111        12.6

447        19.111        12.6

448        19.111        12.6

449        19.111        12.6

450        19.111        12.6

451        19.111        12.6

452        19.111        12.6

453        19.111        12.6

454        19.111        12.6

455        19.111        12.6

456        19.111        12.6

457        19.111        12.6

458        19.111        12.6

459        19.111        12.6

460        19.111        12.6

461        19.111        12.6

462        19.111        12.6

463        19.111        12.6

464        19.111        12.6

465        19.111        12.6

466        19.111        12.6

467        19.111        12.6

468        19.111        12.6

469        19.111        12.6

470        19.111        12.6

471        19.111        12.6

472        19.111        12.6

473        19.111        12.6

474        19.111        12.6

475        19.111        12.6

476        19.111        12.6

477        19.111        12.6

478        19.111        12.6

479        19.111        12.6

480        19.111        12.6

481        19.111        12.7

482        19.111        12.6

483        19.111        12.6

484        19.111        12.6

485        19.111        12.6

486        19.111        12.6

487        19.111        12.6

488        19.111        12.6

489        19.111        12.6

490        19.111        12.6

491        19.111        12.6

492        19.111        12.6

493        19.111        12.6

494        19.111        12.6

495        19.111        12.6

496        19.111        12.6

497        19.111        12.6

498        19.111        12.6

499        19.111        12.6

500        19.111        12.6

501        19.111        12.6

502        19.111        12.6

503        19.111        12.6

504        19.111        12.6

505        19.111        12.6

506        19.111        12.6

507        19.111        12.6

508        19.111        12.6

509        19.111        12.6

510        19.111        12.6

511        19.111        12.6

512        19.111        12.6

513        19.111        12.6

514        19.111        12.6

515        19.111        12.6

516        19.111        12.6

517        19.111        12.6

518        19.111        12.6

519        19.111        12.6

520        19.111        12.6

521        19.111        12.6

522        19.111        12.6

523        19.111        12.6

524        19.111        12.6

525        19.111        12.6

526        19.111        12.6

527        19.111        12.6

528        19.111        12.6

529        19.111        12.6

530        19.111        12.6

531        19.111        12.6

532        19.111        12.6

533        19.111        12.6

534        19.111        12.6

535        19.111        12.6

536        19.111        12.6

537        19.111        12.6

538        19.111        12.6

539        19.111        12.6

540        19.111        12.6

541        19.111        12.6

542        19.111        12.6

543        19.111        12.6

544        19.111        12.6

545        19.111        12.6

546        19.111        12.6

547        19.111        12.6

548        19.111        12.6

549        19.111        12.6

550        19.111        12.6

551        19.111        12.6

552        19.111        12.6

553        19.111        12.6

554        19.111        12.6

555        19.111        12.6

556        19.111        12.6

557        19.111        12.6

558        19.111        12.6

559        19.111        12.6

560        19.111        12.6

561        19.111        12.6

562        19.111        12.6

563        19.111        12.6

564        19.111        12.6

565        19.111        12.6

566        19.111        12.6

567        19.111        12.6

568        19.111        12.6

569        19.111        12.6

570        19.111        12.6

571        19.111        12.6

572        19.111        12.6

573        19.111        12.7

574        19.111        12.6

575        19.111        12.5

576        19.164        12.1

577        19.199        11.7

578        19.233        11.3

579        19.286        10.8

580        19.338        10.1

581        19.391        9.3

582        19.478        8.2

583        19.565        7.0

584        19.670        5.8

585        19.740        4.6

586        19.827        3.7

587        19.897        2.8

588        19.984        2.0

589        20.071        1.3

590        20.124        1.0

591        20.141        0.8

592        20.176        0.7

593        20.176        0.7

594        20.176        0.6

595        20.176        0.6

596        20.193        0.5

597        20.211        0.4

598        20.228        0.4

599        20.228        0.4

600        20.228        0.4

601        20.228        0.4

602        20.228        0.4

603        20.228        0.4

604        20.228        0.4

605        20.228        0.4

606        20.228        0.4

607        20.228        0.4

608        20.228        0.4

609        20.228        0.4

610        20.228        0.4

611        20.228        0.4

612        20.228        0.4

613        20.228        0.4

614        20.228        0.4

615        20.228        0.4

616        20.228        0.4

617        20.228        0.4

618        20.228        0.4

619        20.228        0.4

620        20.228        0.4

621        20.228        0.4

622        20.228        0.4

623        20.228        0.4

624        20.228        0.4

625        20.228        0.4

626        20.228        0.4

627        20.228        0.4

628        20.228        0.4

629        20.228        0.4

630        20.228        0.4

631        20.228        0.4

632        20.228        0.4

633        20.228        0.4

634        20.228        0.4

635        20.228        0.4

636        20.228        0.4

637        20.228        0.4

638        20.228        0.4

639        20.228        0.4

640        20.228        0.4

641        20.228        0.4

642        20.228        0.4

643        20.228        0.4

644        20.228        0.4

645        20.228        0.4

646        20.228        0.4

647        20.228        0.4

648        20.228        0.4

649        20.228        0.4

650        20.228        0.4

651        20.228        0.4

652        20.228        0.4

653        20.228        0.4

654        20.228        0.4

655        20.228        0.4

656        20.228        0.4

657        20.228        0.4

658        20.228        0.4

659        20.228        0.4

660        20.228        0.4

661        20.228        0.4

662        20.228        0.4

663        20.228        0.4

664        20.228        0.4

665        20.228        0.4

666        20.228        0.4

667        20.228        0.4

668        20.228        0.4

669        20.228        0.4

670        20.228        0.4

671        20.228        0.4

672        20.228        0.4

673        20.228        0.4

674        20.228        0.4

675        20.228        0.4

676        20.228        0.4

677        20.228        0.4

678        20.228        0.4

679        20.228        0.4

680        20.228        0.4

681        20.228        0.4

682        20.228        0.4

683        20.228        0.4

684        20.228        0.4

685        20.228        0.4

686        20.228        0.4

687        20.228        0.4

688        20.228        0.4

689        20.228        0.4

690        20.228        0.4

691        20.228        0.4