1        11.1        0.000

2        11.1        0.000

3        11.1        0.000

4        11.1        0.000

5        11.1        0.000

6        11.1        0.000

7        11.1        0.000

8        11.1        0.000

9        11.1        0.000

10        11.1        0.000

11        10.8        -0.031

12        10.1        -0.094

13        9.2        -0.159

14        8.5        -0.206

15        7.9        -0.247

16        7.0        -0.317

17        5.6        -0.413

18        4.2        -0.512

19        3.1        -0.597

20        2.7        -0.630

21        2.7        -0.630

22        2.7        -0.630

23        2.7        -0.630

24        2.1        -0.686

25        1.0        -0.789

26        0.4        -0.886

27        0.2        -0.974

28        0.1        -0.999

29        0.0        -1.073

30        0.2        -1.156

31        0.4        -1.238

32        0.5        -1.269

33        0.5        -1.269

34        0.5        -1.269

35        0.5        -1.269

36        0.9        -1.326

37        2.4        -1.492

38        3.9        -1.641

39        5.4        -1.751

40        7.2        -1.902

41        8.5        -2.018

42        8.6        -2.028

43        8.6        -2.028

44        8.6        -2.028

45        8.7        -2.028

46        10.0        -2.122

47        11.6        -2.276

48        12.7        -2.421

49        13.1        -2.501

50        13.4        -2.562

51        13.6        -2.639

52        13.6        -2.641

53        13.6        -2.641

54        13.6        -2.641

55        13.6        -2.678

56        13.5        -2.796

57        13.0        -2.895

58        12.5        -2.985

59        11.6        -3.074

60        10.8        -3.159

61        10.1        -3.217

62        9.6        -3.259

63        9.6        -3.259

64        9.6        -3.259

65        9.2        -3.274

66        6.1        -3.479

67        3.9        -3.660

68        2.8        -3.748

69        2.1        -3.812

70        1.2        -3.905

71        0.9        -3.982

72        0.6        -4.015

73        0.6        -4.013

74        0.6        -4.013

75        0.6        -4.013

76        0.1        -4.131

77        0.1        -4.269

78        0.3        -4.383

79        0.9        -4.486

80        1.6        -4.585

81        2.9        -4.722

82        4.1        -4.813

83        4.7        -4.869

84        4.7        -4.869

85        4.7        -4.869

86        4.9        -4.877

87        6.1        -4.970

88        7.4        -5.071

89        8.7        -5.179

90        9.7        -5.261

91        10.7        -5.352

92        11.3        -5.408

93        11.9        -5.476

94        12.4        -5.539

95        12.4        -5.542

96        12.4        -5.542

97        12.4        -5.542

98        12.8        -5.586

99        13.4        -5.726

100        13.7        -5.839

101        13.6        -5.906

102        13.5        -5.985

103        13.3        -6.033

104        12.9        -6.098

105        12.7        -6.131

106        12.7        -6.131

107        12.7        -6.131

108        12.7        -6.131

109        12.6        -6.134

110        12.3        -6.181

111        11.7        -6.249

112        10.7        -6.340

113        10.0        -6.396

114        9.4        -6.436

115        8.5        -6.509

116        7.3        -6.594

117        6.8        -6.621

118        6.8        -6.619

119        6.8        -6.619

120        6.7        -6.621

121        5.4        -6.718

122        3.8        -6.831

123        2.2        -6.962

124        1.3        -7.064

125        0.7        -7.135

126        0.3        -7.205

127        0.2        -7.271

128        0.2        -7.271

129        0.2        -7.271

130        0.1        -7.323

131        0.1        -7.439

132        0.3        -7.538

133        0.7        -7.615

134        1.2        -7.687

135        1.9        -7.771

136        2.6        -7.835

137        3.3        -7.900

138        4.1        -7.970

139        4.5        -7.998

140        4.9        -8.030

141        4.9        -8.030

142        4.9        -8.030

143        4.9        -8.035

144        5.0        -8.035

145        5.3        -8.060

146        5.6        -8.083

147        5.7        -8.096

148        5.7        -8.096